12.0 0.7512996121726703 0.4812306427836328 0.1269117734120483 0.12537434900435324
12.0 0.7582799199437361 0.6280145834121931 0.1079688916938657 0.11258216225400841
6.0 0.6221044079180963 0.46371436421449397 0.11292365551732964 0.12984122002399157
6.0 0.6360660976650414 0.6072639264528494 0.10794450712743064 0.11102035327987814
11.0 0.49581426663952594 0.4320880738094881 0.10821281551984485 0.12820525817533973
11.0 0.5114719272333969 0.5842061956075348 0.10970246906222253 0.12354327807970789
9.0 0.36814430918756735 0.4122037282900248 0.1287662753450281 0.14414544744038038
9.0 0.3876353189786831 0.5595744025231641 0.11595065805159649 0.1236408014346872
8.0 0.2394617450392251 0.37748935335557443 0.11321636475985147 0.14858897684775607
8.0 0.26767983080936475 0.5333178416172227 0.11126427757110505 0.12356763284745248
