1.0 0.3177943229675293 0.4943590760231018 0.06934595108032227 0.07049822807312012
1.0 0.24877959489822388 0.5250399708747864 0.08298754692077637 0.07261383533477783
1.0 0.20755624771118164 0.5786267518997192 0.07681488990783691 0.07681488990783691
17.0 0.31209123134613037 0.5632312297821045 0.07748639583587646 0.06826484203338623
17.0 0.27045923471450806 0.6183266639709473 0.08068227767944336 0.07491922378540039
38.0 0.3836819529533386 0.5947621464729309 0.08257901668548584 0.0710521936416626
33.0 0.35014092922210693 0.6528581380844116 0.09465968608856201 0.07275819778442383
33.0 0.4509679675102234 0.6332207322120667 0.08135378360748291 0.06636905670166016
31.0 0.4435846209526062 0.564850926399231 0.08447587490081787 0.06718611717224121
26.0 0.5133994221687317 0.5999476909637451 0.06968104839324951 0.0662226676940918
27.0 0.5198878049850464 0.6656466126441956 0.06139421463012695 0.05678355693817139
26.0 0.42378896474838257 0.6857554316520691 0.07592570781707764 0.0678565502166748
36.0 0.48359671235084534 0.7189509272575378 0.07871192693710327 0.07294893264770508
