0.0 0.42140016242651046 0.9060395062342175 0.07096272228948503 0.06296424129765621
0.0 0.42405018182723886 0.959305004921349 0.06881770104985624 0.047486214546373584
6.0 0.49667931394406434 0.897184901016798 0.06236669415676033 0.05570100513334164
6.0 0.5005309073134322 0.9534386978370333 0.05996153884646649 0.04929584645300056
11.0 0.5708381159432749 0.8916394147454629 0.05996153884646649 0.04929584645300056
11.0 0.5802381546927766 0.9423924746117848 0.06417509006963906 0.04684281863293305
9.0 0.6573796768985678 0.8843788274911737 0.0774146738287057 0.054749581624404464
9.0 0.6636841417451493 0.935559924458502 0.07543767630550002 0.05144060586519694
8.0 0.7395149380762123 0.873784581992767 0.06129418353694582 0.04796199175770044
8.0 0.746914778608603 0.9271802909021081 0.0672704887785559 0.04727179424348327
