1.0 0.31896400451660156 0.3603307902812958 0.07612156867980957 0.07329320907592773
1.0 0.2716329023241997 0.4062230587005615 0.07739438116550446 0.07032299041748047
6.0 0.3623092770576477 0.409782350063324 0.07031917572021484 0.06042027473449707
6.0 0.3307499885559082 0.46338842809200287 0.08729815483093262 0.07739832997322083
11.0 0.42730215191841125 0.44551870226860046 0.0764053463935852 0.0764053463935852
11.0 0.39955934882164 0.5088866353034973 0.07300949096679688 0.07300949096679688
34.0 0.48097527027130127 0.4935581386089325 0.08474862575531006 0.066364586353302
34.0 0.4502622187137604 0.5550867915153503 0.07597976922988892 0.07173764705657959
8.0 0.5470272302627563 0.5348827242851257 0.0836186408996582 0.07089042663574219
8.0 0.5133439302444458 0.5945711135864258 0.0898427963256836 0.0714578628540039
