0.0 0.39965844927279115 0.48672321932922463 0.056101273793143724 0.03959286358831304
0.0 0.4012963423999342 0.5250966272945063 0.040668904813422224 0.043671334296744746
0.0 0.39674955587318095 0.5616668198336972 0.055980068336225874 0.03647017324034796
0.0 0.3989860366453705 0.6047549714896949 0.04835475933077893 0.040850689303056464
6.0 0.4572451676851137 0.493648970640667 0.04661113598706146 0.03610658290858393
6.0 0.4559889553764326 0.566311940861297 0.052917037311801696 0.037909755976607284
6.0 0.45612562597539164 0.6030638594862157 0.0529776614242235 0.039471652078707065
11.0 0.5175083854298939 0.4920791005046369 0.051719796409224084 0.047217154024532304
11.0 0.5192829772020593 0.5672044729205745 0.05147739011894764 0.04097189244819477
11.0 0.6358299624995506 0.6061290743222996 0.04379257789802882 0.043792577898028706
34.0 0.5171087030125657 0.6030851057820321 0.052795842531131454 0.0347881067691902
34.0 0.5768073703848862 0.495163343894213 0.0511743680807174 0.03316571635050902
34.0 0.580477119774301 0.5617617833094226 0.04811238771719906 0.034606321123665795
8.0 0.5778467073807156 0.5288219646548213 0.04655061073469213 0.03454570163480353
8.0 0.6318179083744441 0.4879154823261 0.04217005768350712 0.042170057683507234
8.0 0.6350633652341711 0.5654436930061868 0.048597167932835084 0.04709601043919054
14.0 0.6356767784094248 0.5295034306010862 0.05591948583583972 0.03490934921458422
31.0 0.5184860493862309 0.5273005161338831 0.04949237300149334 0.029982563777640525
8.0 0.5773406444587319 0.6022956690743143 0.04523215832250849 0.04072948731380821
