1.0 0.3185836028440443 0.4821451238287033 0.07374789014259364 0.07481641983462828
1.0 0.24766561349754018 0.5081257279453629 0.08746146331117757 0.07784244132512819
1.0 0.20293927264536887 0.5588254491279181 0.08160467787057193 0.08160467787057202
17.0 0.3082717397177288 0.5504793354859191 0.08169508172175172 0.07314447668985014
17.0 0.2630364809084479 0.6026569026430206 0.08532384654224612 0.07998018344109104
38.0 0.3775851994134646 0.5867431927363802 0.08694955031003543 0.07626143494251703
33.0 0.3402213698988304 0.6424575373235666 0.09908254282926676 0.07877461631049065
33.0 0.44213884569203266 0.6296302092654571 0.08541424408885373 0.07151986321791004
31.0 0.4393600445817233 0.5609190541715384 0.0885754235568621 0.07254364508818845
26.0 0.5066623683568511 0.6006215198278415 0.07379246218074037 0.07058563298788056
27.0 0.5087274645613014 0.6666077745740635 0.06491092132909348 0.06063578791997282
26.0 0.411495877395072 0.6802227323282268 0.0801149212454993 0.07263284590563213
36.0 0.46894129571715176 0.7173567005151354 0.08323067646443005 0.07788701336327475
