28.0 0.3248679905724072 0.4405400584012758 0.07353530827057664 0.05755536855932242
6.0 0.4084921738727525 0.42926083791753833 0.08961119741957013 0.07007978222086308
32.0 0.48432728373437184 0.4222880477128922 0.08753196609213315 0.06977591676602812
11.0 0.5692863057641906 0.41291749980698905 0.09138639775789714 0.06830451643621793
21.0 0.6582147423796734 0.40190927097061546 0.09676136321226547 0.07723016051134379
28.0 0.3298972294703893 0.5103452814130949 0.07470256979489864 0.051620768159888974
6.0 0.4158870499991675 0.5008226687251497 0.0872280505933199 0.06769676820572862
9.0 0.4942398164479853 0.49663742436830133 0.08129354220242774 0.06886406861414562
11.0 0.5772890629594623 0.4886017698838032 0.08900324785117875 0.06592147277839233
20.0 0.6649166252715785 0.4830497340074119 0.07916579642674515 0.054307911739107706
12.0 0.33272847900513114 0.6152203678878723 0.08484394904001763 0.06531359633023759
6.0 0.41390298156125327 0.61588436146575 0.0821568820670005 0.06085026036903063
20.0 0.5000438058961291 0.6073927174589925 0.09671296733478424 0.06297788141301264
9.0 0.5875193596311175 0.6008098472800145 0.08900325401211473 0.06592153206377449
28.0 0.6838467371073699 0.5971335866922314 0.09732103396095759 0.06713731727774619
