28.0 0.17604200541973114 0.5416669845581055 0.07291701436042786 0.07500004768371582
6.0 0.22291700541973114 0.5927079916000366 0.0708329975605011 0.06875002384185791
33.0 0.26249998807907104 0.6364579796791077 0.07916700839996338 0.07291698455810547
21.0 0.296875 0.6822919845581055 0.07291698455810547 0.06875002384185791
11.0 0.33333298563957214 0.7302079796791077 0.07083302736282349 0.08124995231628418
11.0 0.23958299309015274 0.8177080154418945 0.07916699349880219 0.06458306312561035
20.0 0.19895799458026886 0.7708330154418945 0.07708299160003662 0.07083296775817871
33.0 0.15520800650119781 0.7302079796791077 0.06874999403953552 0.0604170560836792
6.0 0.11041700094938278 0.6875 0.07500000298023224 0.06666696071624756
28.0 0.07187499850988388 0.6354169845581055 0.07291699945926666 0.06666696071624756
