26.0 0.42908335245475004 0.026998316034813192 0.05181047542444445 0.050108628704511986
6.0 0.3721653521224164 0.039640614909454856 0.05390405911245966 0.050500389809892396
11.0 0.3071889529362546 0.049307001581569615 0.06515794795749213 0.05664694371463947
9.0 0.24624175845925592 0.060460855926127904 0.05926788534814803 0.057566081730532764
12.0 0.18311076481970623 0.07242427181658238 0.059794123326738835 0.04958127408804641
12.0 0.5549880281484767 0.4378974272814461 0.05116109854335471 0.03584177641072078
12.0 0.549532027956866 0.41110424899539727 0.04736579108324235 0.037152928051808365
27.0 0.5997403714805636 0.4406909789199923 0.04409569702880656 0.030479006078278137
27.0 0.5943984213903609 0.4128630689183407 0.03231524794362994 0.03231524794363
6.0 0.5050576290590192 0.43453701363705105 0.05194486612465643 0.040030144304641246
11.0 0.45845989482402816 0.42944539925848846 0.05403952567795889 0.04042206233390627
9.0 0.4062314945852603 0.42793035107142796 0.049851280965450884 0.03963836276305083
