12.0 0.7518973957394121 0.49282438128374806 0.13255131277838683 0.13108636701004978
12.0 0.7521100302321535 0.6397740257173786 0.11303942641934894 0.11743534285317825
6.0 0.6236460032635593 0.4693764875873255 0.11878374255727309 0.13490422320811424
6.0 0.630981563470296 0.6134167405388877 0.1129430807274503 0.11587399459668901
11.0 0.498946446925148 0.4319673630559652 0.11400260191229622 0.13305303089606524
11.0 0.5075815645417273 0.5846452188022909 0.11527594915136768 0.12846460719291297
9.0 0.37232775215633923 0.40622416628548375 0.13526834105200358 0.14992291039819688
9.0 0.3850108034627916 0.5543361577226789 0.12152198615211324 0.12884978199149189
8.0 0.24538054028252537 0.365620046902821 0.11993960870025369 0.15364555836746324
8.0 0.2663918811628452 0.5225827914312926 0.11683723374874672 0.12856086082757445
