1.0 0.31964814237794525 0.4734682036332203 0.07698444573689756 0.07799674563004094
1.0 0.24756615993083433 0.4960189864549915 0.09077875608906333 0.08166522939743992
1.0 0.20046064740482572 0.5445161837304999 0.08512948643771798 0.085129486437718
17.0 0.30607211682171853 0.5412294783226951 0.08481448669920238 0.07671315517282129
17.0 0.2583873750209995 0.5911784063531472 0.08875354162778876 0.0836905759714548
38.0 0.3735673741586112 0.5807746469862786 0.09019355895419712 0.08006699927412186
33.0 0.333575411321273 0.6346336055974255 0.10239022647319351 0.08314930227828521
33.0 0.43599070008185525 0.6267071948438078 0.08843852819685355 0.07527412628623731
31.0 0.4365091982329381 0.5579418306482911 0.09163380424028245 0.07644438363177442
26.0 0.5018307143428022 0.6008252643360543 0.07682623293998792 0.07378797179784191
27.0 0.5007299542931436 0.6668346254059669 0.06751006487412659 0.06345950383883725
26.0 0.40295742404086915 0.6757724117533411 0.0832172313232894 0.07612830441795282
36.0 0.4585565267255832 0.7156177495891236 0.08656998225686435 0.08150701660053039
