1 0.322656 0.542188 0.054688 0.056250
1 0.264062 0.589844 0.068750 0.054688
1 0.238281 0.652344 0.060937 0.060937
17 0.335156 0.610156 0.064062 0.051562
17 0.309375 0.674219 0.065625 0.057813
38 0.412500 0.621875 0.068750 0.053125
33 0.395313 0.686719 0.081250 0.051562
33 0.487500 0.641406 0.068750 0.048438
31 0.462500 0.577344 0.071875 0.048438
26 0.539062 0.592969 0.056250 0.051562
27 0.562500 0.654687 0.050000 0.043750
26 0.475000 0.699219 0.062500 0.051562
36 0.541406 0.715625 0.064062 0.056250
