1.0 0.682190969220684 0.5060975133222304 0.07373944708877322 0.07481520239572909
1.0 0.7490879889303343 0.5411566015549427 0.08748891899964473 0.07780436681378278
1.0 0.7867770245055018 0.5972854181408221 0.08159943933794866 0.08159943933794866
17.0 0.6834496242130195 0.5751939434587172 0.08171927199527251 0.07311033600408035
17.0 0.7214493650833373 0.6328545860651018 0.08533680396398513 0.07995660848389063
38.0 0.6099779985970645 0.6020519098179482 0.08698072849421812 0.07621966979505679
33.0 0.6397104253368288 0.6621861539258176 0.09914615002648408 0.07869964882283098
33.0 0.5403562905111683 0.6361002333479846 0.08545662894899919 0.07146738618788373
31.0 0.5521246101168218 0.5683473676747606 0.08862483336506721 0.07248369047563996
26.0 0.48019571012398765 0.5988780862743672 0.07379870242273756 0.07057004537901135
27.0 0.4694924117416146 0.6640232060602287 0.06492151847529581 0.06061716176952847
26.0 0.564097811122149 0.6902752555949383 0.08013554201827322 0.07260244480140832
36.0 0.5022775832474635 0.7195527010044094 0.08324376006484979 0.07786359240721241
