1.0 0.6720479948639067 0.19227578476769247 0.06532692380722338 0.07525998849155813
1.0 0.6451089797159972 0.24249474935137588 0.061801931754977724 0.07031640479886214
1.0 0.6091527328184392 0.33272446194663985 0.0631288513815178 0.05035678994888221
1.0 0.6323158676781429 0.29303425293387386 0.05433974447121104 0.0557583631783391
1.0 0.5935439057474994 0.37802220166556877 0.06294671811507146 0.06578395552932736
6.0 0.6240727934793444 0.1729810779195189 0.05250918984879005 0.052509135715434696
6.0 0.599467761472591 0.22299503456872644 0.051639003710597264 0.06015343615446525
6.0 0.5903593894866126 0.2708551800418074 0.052921155478251714 0.05717798600002977
6.0 0.564565222720113 0.3162678953160696 0.04573374528225671 0.0457337994156119
6.0 0.5445149981557774 0.3556833517147623 0.052783794001043605 0.05562103141529956
38.0 0.5010026585820735 0.33364261994076827 0.06097767391275821 0.06097767391275821
38.0 0.527049192068027 0.29997220680750136 0.04532157705762008 0.0410639886688689
38.0 0.5571464618342628 0.20555441863271745 0.056903149538432896 0.04980729520167629
38.0 0.5764401173900136 0.15757832273767616 0.06015342131100887 0.051639002400479694
36.0 0.442700951144434 0.2062441904674323 0.06450272795906448 0.06592129253283718
34.0 0.531096096046537 0.13256211003170495 0.059559144948683085 0.06239730939664728
34.0 0.511733716845832 0.17975923727071486 0.06523436645365721 0.05671994754312801
34.0 0.4911812053244282 0.27568770790403374 0.053515575716985675 0.04642064164726811
34.0 0.4584056556934058 0.3130891701351869 0.06001600045997535 0.05008204257527926
8.0 0.4822046070131428 0.11178019393005027 0.059284394299786214 0.05928442136646386
8.0 0.4622016421038281 0.1606029309416951 0.060290842162042446 0.05319596222568018
8.0 0.4435495075931002 0.26028485141097574 0.05237165025010543 0.05095216540929379
8.0 0.40640125865734944 0.292582032623654 0.054065021571306604 0.052646456997533786
34.0 0.5429785832392826 0.24052850940618492 0.0638157761505802 0.05813955552136227
