1.0 0.738236186405917 0.5230644666125662 0.10031461727543967 0.08580105062939208
6.0 0.5950384157624454 0.5249807070641967 0.1016344996623264 0.08448110062606651
11.0 0.4554608327784955 0.5345324908548292 0.10363307212450096 0.0877996144500145
34.0 0.3238382426146832 0.5436712958765091 0.0949974516993683 0.08048302938663554
8.0 0.18616600397060068 0.5456068253835058 0.09099831891197771 0.07384582587573751
1.0 0.7448090973463365 0.6614171816344798 0.10649854696368832 0.0867071778705899
1.0 0.7476426422045044 0.7336845625517627 0.08081726158248437 0.06630278893641717
6.0 0.5927302080678762 0.6754539212230464 0.1020472608764944 0.07697713300299147
8.0 0.5867407290953242 0.7432710519035988 0.09054537756192815 0.07075390780216084
8.0 0.19062715031909422 0.6875978264798932 0.09431777633411187 0.07584453660274759
34.0 0.323981528417276 0.6881879254879033 0.09804934518500336 0.07034114658799284
34.0 0.453006353493695 0.7560480797040897 0.09359807941287168 0.06061202803547605
11.0 0.4550570258256075 0.6773893124652075 0.09940838481963649 0.07961600905984956
11.0 0.2064879548156918 0.7625644469717914 0.10313969745591894 0.07411165816380416
