0 0.380469 0.468750 0.048438 0.037500
0 0.382812 0.504687 0.037500 0.034375
0 0.380469 0.541406 0.042188 0.029687
6 0.429688 0.469531 0.037500 0.029687
6 0.428906 0.507031 0.042188 0.032813
6 0.430469 0.540625 0.042188 0.028125
11 0.477344 0.468750 0.042188 0.034375
11 0.478906 0.539844 0.042188 0.032813
11 0.576562 0.503906 0.043750 0.029687
34 0.479687 0.504687 0.043750 0.028125
34 0.528125 0.469531 0.043750 0.032813
34 0.528125 0.541406 0.040625 0.032813
8 0.527344 0.505469 0.045312 0.032813
8 0.576562 0.468750 0.043750 0.028125
8 0.577344 0.539844 0.045312 0.029687
