26.0 0.3953031897544861 0.03331130091100931 0.04857969284057617 0.04674108140170574
6.0 0.33943986892700195 0.050007883459329605 0.05066120624542236 0.04698400944471359
11.0 0.2753252685070038 0.06431485712528229 0.06155705451965332 0.05236208438873291
9.0 0.21533627808094025 0.07981614768505096 0.05555430054664612 0.05371573567390442
12.0 0.15322725474834442 0.09628171473741531 0.056663960218429565 0.045630380511283875
12.0 0.550386905670166 0.4341093897819519 0.048960328102111816 0.0324099063873291
12.0 0.5430211424827576 0.4077771306037903 0.045040249824523926 0.03400665521621704
27.0 0.5952243208885193 0.4336823523044586 0.0422288179397583 0.027517855167388916
27.0 0.5878980159759521 0.4063098430633545 0.03022313117980957 0.03022313117980957
6.0 0.5003440976142883 0.4343428313732147 0.04944634437561035 0.03657412528991699
11.0 0.45350104570388794 0.43261024355888367 0.0515289306640625 0.03681713342666626
9.0 0.4012986719608307 0.4348492920398712 0.04736483097076416 0.0363311767578125
