26.0 0.35974448919296265 0.042738412506878376 0.04537975788116455 0.04338163696229458
6.0 0.30532968044281006 0.06367910653352737 0.04746103286743164 0.04346485435962677
11.0 0.2425042986869812 0.08287142962217331 0.058036208152770996 0.04804369807243347
9.0 0.1838841438293457 0.10293745249509811 0.051874399185180664 0.04987634718418121
12.0 0.12322431802749634 0.1241278424859047 0.05362284183502197 0.04163222014904022
12.0 0.5451736748218536 0.43043169379234314 0.0468783974647522 0.028892457485198975
12.0 0.535805881023407 0.4047434329986572 0.04279899597167969 0.03080838918685913
27.0 0.5898456573486328 0.42655983567237854 0.040467023849487305 0.024480104446411133
27.0 0.5804372727870941 0.3998313844203949 0.028143346309661865 0.028143346309661865
6.0 0.495296835899353 0.43451058864593506 0.04704487323760986 0.03305613994598389
11.0 0.4484592080116272 0.43638336658477783 0.04912722110748291 0.03313940763473511
9.0 0.39658331871032715 0.4426279067993164 0.04496359825134277 0.03297293186187744
