28.0 0.6680479607863142 0.4227563233608539 0.06865941706397427 0.050730232006913456
6.0 0.5837058357364032 0.4201811839971637 0.08367548210886211 0.061761641071442774
32.0 0.5075561750300189 0.42108432667542955 0.08159433300581886 0.061672363996113755
11.0 0.4220836947338712 0.42054561661340506 0.08566723759139128 0.05976982348446763
21.0 0.3324937117050964 0.4187882916868625 0.09018751100646927 0.06827378395966616
28.0 0.6702609890480238 0.49270744758456586 0.0704726396271883 0.04457522552026477
6.0 0.5837474584399803 0.49212406366085604 0.08150505976234323 0.05959130421788594
9.0 0.5053817914738399 0.4960600450591479 0.07535011154828697 0.0614044995607303
11.0 0.4219467845181331 0.49665169028590883 0.08349681524487229 0.0575994866309108
20.0 0.3342146843040728 0.5001868401620586 0.07472504732959839 0.04683493476299294
12.0 0.6782851480640653 0.5973134399402047 0.07933368461779133 0.05742092649122599
6.0 0.5976140675649211 0.6063643581277453 0.07707400004086384 0.05316840096634623
20.0 0.511056892246498 0.6068220239198376 0.0916435920589706 0.053793406912442276
9.0 0.4233694782270233 0.6093161836726109 0.08349681652215674 0.05759951640584926
28.0 0.3271780739574117 0.6156163325417525 0.0918222466326088 0.05795666047113068
