1.0 0.6807843084184797 0.5234041226013331 0.06102250248695096 0.06239175707498534
1.0 0.7440422523041919 0.5646689746202909 0.07482313600193635 0.06249700294984473
1.0 0.7762199976416768 0.6241290255044969 0.06779014196978927 0.06779014196978927
17.0 0.6754632072946887 0.5923068513896509 0.06979222976101429 0.05883511448364187
17.0 0.7078045113510782 0.6533213318677602 0.07208391718587004 0.0652363417724644
38.0 0.5997695029038981 0.612052657835443 0.07463890944925 0.06094257455586327
33.0 0.6236457036899068 0.6747429592089027 0.0868859410170133 0.06086240741161675
33.0 0.5272242422411015 0.6393224362159563 0.07408600417714706 0.05628119507971152
31.0 0.5453853600736437 0.5729966270267179 0.07719378970555613 0.05664987939876376
26.0 0.47087798568798783 0.5965452692168074 0.062023066356349354 0.05791376330569764
27.0 0.4540250907233886 0.660376525132994 0.0548859073082722 0.04940746807624363
26.0 0.5457035995483058 0.695510583288081 0.06823875501987708 0.05865089433053916
36.0 0.4813782494860245 0.7187734338120487 0.07034514143270076 0.06349744761263776
