0.0 0.6227065936262262 0.485601538783421 0.05316378085312179 0.04384564826409176
0.0 0.6154102758595624 0.5208679669782004 0.04189844967085876 0.03923620949421047
0.0 0.6126464850250426 0.5575576715108705 0.045892156810611984 0.0352425359962113
6.0 0.5738535044646662 0.4795600371970567 0.04124933945715625 0.034593370878489016
6.0 0.5694356793987105 0.516807118734929 0.046324980858500786 0.038338361883603234
6.0 0.5632362264426554 0.5498610813967777 0.045675878897790345 0.03369558229839753
11.0 0.5267647094630266 0.4721880083795593 0.04654126289781846 0.03988534509667502
11.0 0.515373925076851 0.5423809094963734 0.04632497673200475 0.038338332368345274
11.0 0.4236346423630781 0.49326745883682793 0.047439165412445417 0.03545879264676721
34.0 0.5194683580546089 0.5074544619631005 0.04722282846910808 0.033911830695961265
34.0 0.47636472563416865 0.46593023713336545 0.0478719977133264 0.03855467756467501
34.0 0.466412755989396 0.537112893011908 0.04477701951542179 0.03812191415465682
8.0 0.47216214544700774 0.5016302205460611 0.04941894728464413 0.03877092596223869
8.0 0.42850242426836427 0.45845006523296117 0.04722288337312769 0.03391180943369548
8.0 0.41788411321232644 0.5287509650053193 0.048986123236755275 0.035675100074846866
