26.0 0.680252154052037 0.056977510997651776 0.05562497630819252 0.05411487467807888
6.0 0.7325956211787801 0.08266112372870414 0.05771804551871995 0.0546978606166054
11.0 0.793471498687513 0.1073490802765624 0.06935182788931815 0.06179974094106257
9.0 0.8500813396949399 0.13253439833900235 0.06365460366476139 0.062144563228356695
12.0 0.9086230447774168 0.1590205162825806 0.06341521464268107 0.05435305054179562
12.0 0.4611734738466574 0.42669983871242334 0.053636175560534294 0.04004284985738438
12.0 0.4727823598194054 0.4019435040234878 0.050033224575841084 0.040971023758730185
27.0 0.4170208466162496 0.41888180359336347 0.046189853216271615 0.0341073267515159
27.0 0.42876242547525945 0.3930929623684482 0.034794952869035556 0.034794952869035556
6.0 0.5104921098747136 0.43518566651093904 0.05480250576461593 0.04423019107864973
11.0 0.5569791679472391 0.44120453721701647 0.05689664667902705 0.04481343484473238
9.0 0.6080968851228221 0.45202475171415585 0.05270943286671148 0.04364718309463356
