29.0 0.45222198963165283 0.34562501311302185 0.06444400548934937 0.03249996900558472
29.0 0.4277780055999756 0.42875000834465027 0.07111102342605591 0.03624999523162842
29.0 0.4161109924316406 0.47437500953674316 0.08111101388931274 0.04000002145767212
0.0 0.4411109983921051 0.3884370028972626 0.07999998331069946 0.034375011920928955
6.0 0.5338889807462692 0.3531250059604645 0.08111098408699036 0.0350000262260437
6.0 0.5105559825897217 0.4387499988079071 0.06777799129486084 0.0350000262260437
6.0 0.5011109560728073 0.48531199991703033 0.06444397568702698 0.036874979734420776
34.0 0.5783330202102661 0.4996880143880844 0.07888901233673096 0.03562501072883606
34.0 0.6961110234260559 0.3590629994869232 0.0700000524520874 0.030624985694885254
34.0 0.6744440197944641 0.45406201481819153 0.07111096382141113 0.03562498092651367
31.0 0.6022220253944397 0.40625 0.0733330249786377 0.03374999761581421
8.0 0.7705559730529785 0.36093801259994507 0.06777799129486084 0.04437500238418579
8.0 0.759443998336792 0.4581249952316284 0.07888901233673096 0.04250001907348633
8.0 0.6833329796791077 0.40968701243400574 0.06222200393676758 0.04062497615814209
8.0 0.6683329939842224 0.5059379786252975 0.08111095428466797 0.0443749725818634
11.0 0.5916669964790344 0.45124998688697815 0.08333301544189453 0.041249990463256836
11.0 0.615556001663208 0.3571870028972626 0.0733330249786377 0.04562503099441528
11.0 0.7444440126419067 0.5090619772672653 0.08222198486328125 0.0443749725818634
14.0 0.7699999809265137 0.4112499952316284 0.08888900279998779 0.03750002384185791
