1.0 0.3190627098083496 0.5221904516220093 0.060607969760894775 0.061986446380615234
1.0 0.2555293142795563 0.5630298852920532 0.07440882921218872 0.06199908256530762
1.0 0.22295323014259338 0.6222726702690125 0.06733977794647217 0.06733977794647217
17.0 0.3239213228225708 0.591127336025238 0.06940209865570068 0.05837070941925049
17.0 0.29117128252983093 0.651923418045044 0.07165104150772095 0.06475698947906494
38.0 0.39948078989982605 0.6113806366920471 0.0742349624633789 0.06044578552246094
33.0 0.37518447637557983 0.6739093065261841 0.08648335933685303 0.06028342247009277
33.0 0.4718414843082428 0.6391366124153137 0.07371336221694946 0.05578780174255371
31.0 0.4541258215904236 0.5726904273033142 0.07681888341903687 0.05613565444946289
26.0 0.5284734964370728 0.5967385172843933 0.061638593673706055 0.05750143527984619
27.0 0.5448976755142212 0.660681426525116 0.05455803871154785 0.049042463302612305
26.0 0.4529854655265808 0.6951994895935059 0.06784981489181519 0.05819690227508545
36.0 0.517153263092041 0.7188934683799744 0.0699237585067749 0.06302964687347412
