1.0 0.32172636388576825 0.5380687457683757 0.05597625474589746 0.05750165345308478
1.0 0.26204419058417966 0.5843547111552231 0.06999833232771754 0.056265800371396724
1.0 0.23482239288107581 0.6462407613790453 0.06233217290593965 0.06233221656193566
17.0 0.3326486149794422 0.6063080646325985 0.06523917059307038 0.05303202279193808
17.0 0.3053905973972535 0.669756707736274 0.06694656165525509 0.059317647255496264
38.0 0.4097004091663061 0.6198154733647641 0.06996214362361625 0.05470326708019557
33.0 0.3910160012543005 0.6842439746097022 0.08242257144418075 0.053430158856531795
33.0 0.4842278953174369 0.6410785141537939 0.06985357423954885 0.05001745383066303
31.0 0.4607185029982551 0.576454613561151 0.07297768809384575 0.050089838942671494
26.0 0.5368980466153552 0.5938488723090103 0.057429243489241055 0.05285106829586228
27.0 0.5589001246595733 0.656093207366597 0.05099994486858228 0.04489648738400531
26.0 0.4703920899098524 0.6985864460621141 0.0636776201694651 0.05299584197152263
36.0 0.5364002174366047 0.7165262443404049 0.06534776206765813 0.05771878945990472
