0.0 0.5785998404026031 0.9060395359992981 0.07096272706985474 0.06296420097351074
0.0 0.5759498178958893 0.9593049883842468 0.06881767511367798 0.047486186027526855
6.0 0.5033206939697266 0.8971849083900452 0.06236672401428223 0.05570101737976074
6.0 0.4994691014289856 0.9534386992454529 0.059961557388305664 0.049295902252197266
11.0 0.4291619062423706 0.8916394114494324 0.059961557388305664 0.049295902252197266
11.0 0.4197618365287781 0.9423924684524536 0.06417512893676758 0.04684281349182129
9.0 0.342620313167572 0.8843788504600525 0.0774146318435669 0.05474960803985596
9.0 0.3363158702850342 0.9355599284172058 0.07543766498565674 0.05144059658050537
8.0 0.26048505306243896 0.873784601688385 0.06129419803619385 0.04796195030212402
8.0 0.253085196018219 0.927180290222168 0.06727051734924316 0.04727184772491455
