0 0.240625 0.300781 0.071875 0.048438
0 0.246875 0.346094 0.059375 0.045312
0 0.250000 0.385156 0.059375 0.035937
6 0.310156 0.303906 0.060937 0.042188
6 0.312500 0.342969 0.062500 0.039062
6 0.314063 0.386719 0.062500 0.039062
11 0.380469 0.303906 0.067187 0.042188
11 0.382812 0.383594 0.062500 0.039062
11 0.512500 0.337500 0.056250 0.037500
34 0.384375 0.345313 0.059375 0.034375
34 0.450000 0.300000 0.059375 0.037500
34 0.449219 0.382031 0.057813 0.035937
8 0.450000 0.340625 0.056250 0.037500
8 0.514062 0.300000 0.062500 0.037500
8 0.516406 0.382031 0.060937 0.035937
