1.0 0.31789317058895994 0.4917646003773598 0.07007992456151352 0.07120973013537485
1.0 0.2484484661722084 0.5214594605113632 0.08369037291241568 0.07351928931819784
1.0 0.20646606970603354 0.5744536792194603 0.0776088689262956 0.0776088689262956
17.0 0.3112097329202991 0.5605485506315813 0.07814955490527487 0.06910817918045375
17.0 0.26879726665164977 0.6150454444251338 0.08143009767536424 0.07577970194355688
38.0 0.3823441043320903 0.5930959077708073 0.08326039126973078 0.07195872046593665
33.0 0.34797905753780517 0.6507083106101401 0.09531090509481832 0.07383732020885914
33.0 0.4490755331607733 0.6325088585624096 0.08197076381242185 0.06727889465132919
31.0 0.4426667026574213 0.5640408579121134 0.08509086344139194 0.06813879690579039
26.0 0.5119745577780086 0.6001283710631307 0.07034965922457964 0.06695882578826262
27.0 0.5175265806341249 0.6659130527354676 0.0619599111655198 0.05743932100757365
26.0 0.4211510979979016 0.6846511788274882 0.07658999511825543 0.06867842496729559
36.0 0.48048001991419703 0.7186951195421825 0.07943939987114967 0.07378895528711016
