8 0.271875 0.671094 0.059375 0.042188
8 0.313281 0.443750 0.057813 0.037500
8 0.316406 0.357031 0.064062 0.045312
9 0.382812 0.364063 0.065625 0.050000
9 0.378906 0.449219 0.054688 0.042188
9 0.342187 0.677344 0.059375 0.042188
11 0.444531 0.367969 0.057813 0.042188
11 0.440625 0.458594 0.050000 0.039062
11 0.400781 0.683594 0.051562 0.042188
6 0.509375 0.377344 0.065625 0.045312
6 0.500781 0.468750 0.048438 0.040625
6 0.461719 0.692187 0.057813 0.040625
12 0.574219 0.390625 0.057813 0.050000
12 0.563281 0.477344 0.051562 0.032813
