0 0.178125 0.453906 0.046875 0.057813
0 0.650000 0.380469 0.059375 0.051562
9 0.231250 0.489844 0.053125 0.051562
9 0.678125 0.440625 0.062500 0.040625
29 0.233594 0.438281 0.032813 0.048438
29 0.706250 0.393750 0.043750 0.046875
6 0.296875 0.420312 0.050000 0.050000
6 0.770312 0.404687 0.056250 0.050000
22 0.289844 0.474219 0.054688 0.057813
22 0.746094 0.450781 0.057813 0.048438
37 0.345313 0.454688 0.056250 0.059375
37 0.803125 0.460156 0.059375 0.051562
8 0.361719 0.394531 0.054688 0.051562
8 0.843750 0.414062 0.056250 0.046875
