26.0 0.3529339413049297 0.044883159780060744 0.059285170481040206 0.057883457516009124
6.0 0.2988377896113899 0.06663384415471509 0.06141458125069521 0.058611218219957024
11.0 0.2363059427592717 0.08676190786958739 0.07351984170236436 0.06650992684294249
9.0 0.17799187098917138 0.10770079737556688 0.06785837189411148 0.06645671108949538
12.0 0.11765513594713516 0.12979438022740347 0.06707606970769961 0.05866446029280489
12.0 0.5441301203072884 0.4297650603698968 0.05631894866380405 0.04370152840494251
12.0 0.5343799140134655 0.4042195305587254 0.05278815694022321 0.0443765597983673
27.0 0.5887393277592102 0.42522675607711213 0.048474028212873055 0.03725887627404789
27.0 0.5789329614097636 0.3986417420913177 0.03715037481037875 0.03715037481037875
6.0 0.49431973337823165 0.4345881085769268 0.05777495710573155 0.04796163165754608
11.0 0.4475152344692398 0.43715985203243246 0.0599055183113843 0.048689777266697265
9.0 0.3957383700565086 0.4441781477197112 0.05564554238920655 0.047233847063040346
