26.0 0.12222944543504878 0.7721552904567379 0.03960947693043712 0.047542253405443824
11.0 0.16211097979928296 0.7667298070546961 0.04386970280670205 0.049819519223398334
31.0 0.20392762093353933 0.7645226762153312 0.03495828609426871 0.036942154023381524
6.0 0.2380203674902588 0.7713380633375944 0.03317087095059065 0.04308754372567303
12.0 0.2755278995168533 0.7720579696378438 0.03723550436228762 0.04120136773698324
12.0 0.5711816576629378 0.782818896440453 0.04188569801918329 0.05180237079426564
12.0 0.8565774769720651 0.7899694616905371 0.041494658536909035 0.043478583207947286
6.0 0.5347149563185143 0.7821478868578178 0.039511760814634034 0.04546160560229284
6.0 0.817037104377845 0.7881119122675331 0.037528738420288144 0.047444503324567955
31.0 0.4983449439438403 0.7793971331472516 0.033170870950590736 0.04308754372567292
31.0 0.7818067580527244 0.7833284428587026 0.03743099253499482 0.045363854122889236
11.0 0.4588055835122835 0.7775396312741834 0.045852585545586855 0.047835545603897356
11.0 0.7442991962566397 0.7826085351599255 0.04169015590160596 0.04764000068926488
26.0 0.42129802171619884 0.7768197235754064 0.04139692184360522 0.04139686510168017
26.0 0.7036211819381929 0.7827837965350571 0.04793329428624582 0.04793329428624582
