29 0.452222 0.345625 0.064444 0.032500
29 0.427778 0.428750 0.071111 0.036250
29 0.416111 0.474375 0.081111 0.040000
0 0.441111 0.388437 0.080000 0.034375
6 0.533889 0.353125 0.081111 0.035000
6 0.510556 0.438750 0.067778 0.035000
6 0.501111 0.485312 0.064444 0.036875
34 0.578333 0.499688 0.078889 0.035625
34 0.696111 0.359063 0.070000 0.030625
34 0.674444 0.454062 0.071111 0.035625
31 0.602222 0.406250 0.073333 0.033750
8 0.770556 0.360938 0.067778 0.044375
8 0.759444 0.458125 0.078889 0.042500
8 0.683333 0.409687 0.062222 0.040625
8 0.668333 0.505938 0.081111 0.044375
11 0.591667 0.451250 0.083333 0.041250
11 0.615556 0.357187 0.073333 0.045625
11 0.744444 0.509062 0.082222 0.044375
14 0.770000 0.411250 0.088889 0.037500
