1 0.260937 0.488281 0.090625 0.073438
6 0.402344 0.510938 0.092188 0.071875
11 0.539062 0.540625 0.093750 0.075000
34 0.667969 0.568750 0.085938 0.068750
8 0.803906 0.590625 0.082812 0.062500
1 0.234375 0.624219 0.096875 0.073438
1 0.221094 0.695312 0.073438 0.056250
6 0.382812 0.660156 0.093750 0.064062
8 0.378906 0.728125 0.082812 0.059375
8 0.778906 0.730469 0.085938 0.064062
34 0.646875 0.711719 0.090625 0.057813
34 0.509375 0.760156 0.087500 0.048438
11 0.518750 0.682031 0.090625 0.067187
11 0.752344 0.802344 0.095312 0.060937
