1.0 0.6821067929267883 0.4917646050453186 0.07007992267608643 0.07120978832244873
1.0 0.7515515387058258 0.5214594602584839 0.083690345287323 0.07351922988891602
1.0 0.7935339212417603 0.5744536519050598 0.07760882377624512 0.07760882377624512
17.0 0.6887902617454529 0.5605485439300537 0.07814955711364746 0.06910812854766846
17.0 0.7312027215957642 0.615045428276062 0.08143007755279541 0.07577967643737793
38.0 0.6176559329032898 0.5930958986282349 0.0832604169845581 0.07195878028869629
33.0 0.6520209312438965 0.6507083177566528 0.09531092643737793 0.0738372802734375
33.0 0.5509244799613953 0.6325088739395142 0.08197081089019775 0.06727886199951172
31.0 0.5573332905769348 0.5640408396720886 0.08509087562561035 0.06813883781433105
26.0 0.488025426864624 0.6001283526420593 0.07034969329833984 0.06695878505706787
27.0 0.4824734330177307 0.6659130454063416 0.06195986270904541 0.057439327239990234
26.0 0.5788488984107971 0.6846511960029602 0.07658994197845459 0.06867837905883789
36.0 0.5195199847221375 0.7186951041221619 0.07943940162658691 0.07378900051116943
