26.0 0.08772415398104319 0.7163509260074503 0.04589907027236688 0.05263796796627729
11.0 0.12797236249789995 0.7165853803110682 0.05043711297060652 0.05549146187903731
31.0 0.16968406203258019 0.7202781841880274 0.03980402966639349 0.04148931897964836
6.0 0.20248028071962054 0.731818211441917 0.038898234966843526 0.04732252957206162
12.0 0.23951421242931942 0.7378032990753487 0.04265735268621404 0.04602636164701235
12.0 0.530719827477646 0.7900166512614455 0.0487515757655379 0.05717581973637831
12.0 0.812276841547747 0.8372134857500282 0.047194281517131675 0.048879697416331025
6.0 0.49470950761199717 0.7842262588320028 0.04550991181933001 0.05056433667932758
6.0 0.773390188285731 0.8298163316915204 0.043825272556333505 0.052248706377129195
31.0 0.4590872920721315 0.7763903865968411 0.03889818870350348 0.04732240735715487
31.0 0.7391820519821914 0.8201280838791507 0.04343603296064413 0.050175063569796174
11.0 0.42020162727515625 0.768993372877546 0.05212145388921918 0.0538060090039959
11.0 0.7021480612596543 0.8141429878672586 0.047972794222352455 0.053027219082349863
26.0 0.3831676660590382 0.7630082810548843 0.04680493336507119 0.046804882730693276
26.0 0.6618493415725619 0.808598555361068 0.05419527373506694 0.05419527373506683
