12.0 0.5270829796791077 0.2510420083999634 0.03750002384185791 0.043749988079071045
12.0 0.5218749940395355 0.4354169964790344 0.043749988079071045 0.04583299160003662
12.0 0.53125 0.6333330273628235 0.04166698455810547 0.04166698455810547
17.0 0.5270829796791077 0.28437501192092896 0.04583299160003662 0.035417020320892334
17.0 0.5239579975605011 0.47395798563957214 0.039583027362823486 0.03125
17.0 0.53125 0.668749988079071 0.04166698455810547 0.0333329439163208
34.0 0.5260420143604279 0.3208329975605011 0.035417020320892334 0.03750002384185791
34.0 0.5208329558372498 0.5062500089406967 0.04583299160003662 0.03333297371864319
34.0 0.5291669964790344 0.7052080035209656 0.04166698455810547 0.03125
21.0 0.5249999761581421 0.35520800948143005 0.04166698455810547 0.03125
21.0 0.518750011920929 0.5416669845581055 0.03750002384185791 0.03750002384185791
21.0 0.5291669964790344 0.7416669726371765 0.03750002384185791 0.0333329439163208
