1.0 0.26093700528144836 0.4882810264825821 0.09062498807907104 0.07343801856040955
6.0 0.4023439884185791 0.5109379887580872 0.09218800067901611 0.07187497615814209
11.0 0.5390620231628418 0.5406249761581421 0.09375 0.07500004768371582
34.0 0.6679689884185791 0.5687500238418579 0.0859379768371582 0.06875002384185791
8.0 0.8039060235023499 0.590624988079071 0.08281195163726807 0.0625
1.0 0.234375 0.6242190003395081 0.09687501192092896 0.07343804836273193
1.0 0.22109399735927582 0.6953120231628418 0.07343801856040955 0.05624997615814209
6.0 0.3828119933605194 0.6601560115814209 0.09375 0.06406199932098389
8.0 0.3789060115814209 0.7281249761581421 0.08281201124191284 0.05937504768371582
8.0 0.778905987739563 0.7304689884185791 0.0859379768371582 0.06406199932098389
34.0 0.6468750238418579 0.7117189764976501 0.09062504768371582 0.057813048362731934
34.0 0.5093749761581421 0.760155975818634 0.08749997615814209 0.04843795299530029
11.0 0.5187500268220901 0.682030975818634 0.09062501788139343 0.06718695163726807
11.0 0.752344012260437 0.802344024181366 0.09531199932098389 0.06093704700469971
