0.0 0.2866985872387886 0.404071569442749 0.08052431046962738 0.0730205774307251
0.0 0.28438135981559753 0.4625939130783081 0.08990740776062012 0.059892475605010986
0.0 0.26381269842386246 0.5795907378196716 0.07802318036556244 0.07552194595336914
0.0 0.2585645020008087 0.6446924209594727 0.09643733501434326 0.09268581867218018
6.0 0.36876416206359863 0.42392459511756897 0.08677053451538086 0.07426434755325317
6.0 0.35710403323173523 0.4813466817140579 0.07334548234939575 0.06709262728691101
6.0 0.3423612713813782 0.5971357226371765 0.09332036972045898 0.08456647396087646
38.0 0.45466962456703186 0.44057169556617737 0.09020453691482544 0.0764472484588623
38.0 0.4286177456378937 0.49427445232868195 0.08615624904632568 0.06364497542381287
32.0 0.5333616137504578 0.46133461594581604 0.08958292007446289 0.07332515716552734
32.0 0.5093079805374146 0.5130513310432434 0.09958148002624512 0.07081663608551025
33.0 0.42366063594818115 0.6168322563171387 0.10300809144973755 0.08049678802490234
26.0 0.5067915320396423 0.639293372631073 0.09956049919128418 0.0933077335357666
31.0 0.4338585436344147 0.692244827747345 0.09988504648208618 0.07987487316131592
26.0 0.5269651859998703 0.7087603211402893 0.0986347496509552 0.08112514019012451
27.0 0.6062397360801697 0.47932207584381104 0.07584643363952637 0.0645904541015625
27.0 0.5860141515731812 0.5318150520324707 0.06740999221801758 0.06740999221801758
36.0 0.5946940779685974 0.6539542078971863 0.10394084453582764 0.08518099784851074
