0.0 0.7593750357627869 0.3007810115814209 0.07187497615814209 0.04843801259994507
0.0 0.7531249821186066 0.346094012260437 0.059374988079071045 0.04531198740005493
0.0 0.75 0.3851560056209564 0.05937504768371582 0.03593701124191284
6.0 0.689844012260437 0.30390599370002747 0.060936927795410156 0.04218798875808716
6.0 0.6875 0.34296900033950806 0.0625 0.0390620231628418
6.0 0.6859369874000549 0.3867189884185791 0.0625 0.0390620231628418
11.0 0.6195310056209564 0.30390599370002747 0.06718701124191284 0.04218798875808716
11.0 0.6171879768371582 0.38359400629997253 0.0625 0.0390620231628418
11.0 0.48750001192092896 0.3375000059604645 0.05624997615814209 0.03750002384185791
34.0 0.6156249940395355 0.34531301259994507 0.059374988079071045 0.034375011920928955
34.0 0.550000011920929 0.30000001192092896 0.05937492847442627 0.03750002384185791
34.0 0.5507810115814209 0.38203099370002747 0.05781292915344238 0.03593701124191284
8.0 0.550000011920929 0.34062498807907104 0.05624997615814209 0.03750002384185791
8.0 0.48593801259994507 0.30000001192092896 0.0625 0.03750002384185791
8.0 0.48359400033950806 0.38203099370002747 0.06093704700469971 0.03593701124191284
