1.0 0.3190627120454229 0.5221904611355688 0.060607994582283664 0.06198646686863085
1.0 0.2555293140985443 0.5630298997594878 0.07440885802017763 0.061999043698207634
1.0 0.22295322987344962 0.6222726901989473 0.06733979967845263 0.06733983912950248
17.0 0.323921331289666 0.5911273455084922 0.06940209164622901 0.058370736460256256
17.0 0.2911712945285092 0.6519234385272988 0.07165104066531153 0.06475694338737781
38.0 0.39948079208417764 0.6113806652984739 0.07423494173434814 0.060445800353282064
33.0 0.3751844690666625 0.673909279224578 0.08648334409960018 0.06028348102241565
33.0 0.47184147927890185 0.6391366384269774 0.07371334744169328 0.0557878423763869
31.0 0.4541258085151286 0.5726904567126412 0.07681888969730971 0.056135598436910183
26.0 0.5284734681388772 0.596738504690977 0.06163859141371747 0.057501386107078334
27.0 0.5448976622435051 0.6606814052588939 0.05455805134650704 0.04904247895632041
26.0 0.4529854780653886 0.6951994867481652 0.06784982401100442 0.05819691481067901
36.0 0.5171532573011557 0.7188934811307847 0.06992379206723054 0.06302964218789708
