0.0 0.614152476763423 0.4527407683606503 0.05349408666173716 0.04406088648782236
0.0 0.6167323771154702 0.48866153587396094 0.042143066239190174 0.03944791092027622
0.0 0.6240610240952488 0.5247179373793339 0.04618601139681422 0.03540493468052941
6.0 0.5654997875535014 0.46022677283007585 0.04150365977087467 0.03476552952075568
6.0 0.5713886542652776 0.4972697991927402 0.04661230767416735 0.03852709790277975
6.0 0.574421676498777 0.5307630593039817 0.045973021608718634 0.03384475151100785
11.0 0.5181825972694375 0.46595221867706327 0.04682538678300657 0.040087284997926964
11.0 0.5263306784009756 0.5365949735427904 0.04661230767416735 0.03852709790277975
11.0 0.42468600741048146 0.5143107841036648 0.04774625411349809 0.0356179270857086
34.0 0.5207624380743224 0.5018729888074578 0.04753317631320075 0.03405776976414254
34.0 0.46798251965952536 0.473651239436811 0.048172553007935104 0.03874014985512142
34.0 0.4777845747143872 0.5448547359314143 0.04505122606304224 0.03831394976410318
8.0 0.473657331931263 0.5091470125191941 0.04973267793883612 0.03895316679971439
8.0 0.41989155395238886 0.4794832119142402 0.04753320477824008 0.03405774129910333
8.0 0.4288124047479479 0.5500196335078553 0.049306377735857165 0.03583091425672036
