1.0 0.6822056503509093 0.49435906875698843 0.06934591514309296 0.07049828265753111
1.0 0.7512203859261275 0.5250399742747651 0.08298758060777123 0.0726138315212283
1.0 0.7924437314196116 0.578626751320642 0.07681493253863414 0.07681493253863403
17.0 0.6879087635743364 0.5632312304132546 0.07748641147891355 0.06826488042987422
17.0 0.7295407630470433 0.6183266508040601 0.08068226583692617 0.07491928227490297
38.0 0.6163180261595465 0.5947621687596101 0.08257904444560804 0.07105218045995398
33.0 0.649859079606877 0.6528581633195822 0.09465965208508564 0.07275819197692623
33.0 0.5490320613219588 0.6332207036570962 0.0813537266114357 0.06636911234908349
31.0 0.5564153884801396 0.5648509245032558 0.08447592763768852 0.0671861299156562
26.0 0.48660059133504474 0.5999476691732447 0.06968111068191513 0.06622271267183377
27.0 0.4801122017452756 0.6656466044846857 0.06139422375172976 0.05678355787849987
26.0 0.5762110338872237 0.6857554454199337 0.07592571203700038 0.06785654850239953
36.0 0.516403263123467 0.7189509486004158 0.07871193354777406 0.07294890016010602
