0.0 0.6195310056209564 0.46875 0.04843801259994507 0.03750002384185791
0.0 0.617188036441803 0.5046869963407516 0.03750002384185791 0.03437498211860657
0.0 0.6195310056209564 0.541405975818634 0.04218798875808716 0.029687047004699707
6.0 0.570311963558197 0.46953099966049194 0.03750002384185791 0.02968698740005493
6.0 0.5710940062999725 0.5070310086011887 0.04218798875808716 0.03281298279762268
6.0 0.5695309937000275 0.5406249761581421 0.04218798875808716 0.02812504768371582
11.0 0.5226559937000275 0.46875 0.04218798875808716 0.034375011920928955
11.0 0.5210939943790436 0.5398439764976501 0.04218798875808716 0.03281295299530029
11.0 0.42343801259994507 0.5039060264825821 0.04375004768371582 0.02968701720237732
34.0 0.5203129947185516 0.504687026143074 0.043749988079071045 0.028125017881393433
34.0 0.47187501192092896 0.46953099966049194 0.04375004768371582 0.03281301259994507
34.0 0.47187501192092896 0.541405975818634 0.04062497615814209 0.03281295299530029
8.0 0.4726560115814209 0.5054690092802048 0.04531204700469971 0.03281298279762268
8.0 0.42343801259994507 0.46875 0.04375004768371582 0.028124988079071045
8.0 0.42265599966049194 0.5398439764976501 0.04531204700469971 0.029687047004699707
