0.0 0.6010084910201425 0.4935209227400624 0.05574158103969418 0.03905391551425208
0.0 0.5967862864626772 0.5316964899942402 0.04025659444897123 0.04329162558520683
0.0 0.5988562364272234 0.5684900678435749 0.05565190260686681 0.035930160794248045
0.0 0.59371882423024 0.6113292721134859 0.04797664696921389 0.04039109456602241
6.0 0.5430858223120649 0.4965470047943384 0.04627971666580155 0.035661158563772166
6.0 0.5394384654158683 0.5691292484791435 0.052572048645262326 0.03740181188347835
6.0 0.5368233957068651 0.6057882666313295 0.05261690368340799 0.03896424035938184
11.0 0.48306571557717526 0.49091629436726314 0.051279725343908567 0.04672816242343386
11.0 0.4762283506577173 0.5657509218930139 0.05110031231907164 0.04048077043316334
11.0 0.35732150804460255 0.5967264548222002 0.04338133224058327 0.04338133224058327
34.0 0.47597772712489295 0.6016964984029909 0.05248234056534429 0.034279098104722405
34.0 0.4236937225249041 0.4899941314409784 0.050876132058735646 0.03267193474905483
34.0 0.4155406386799148 0.5561934246165028 0.04779731918133734 0.03414459798767111
8.0 0.4203866673097027 0.5235060152838924 0.04623500986562867 0.03409974637044044
8.0 0.36929726908788085 0.47905262145903893 0.04177404872653395 0.04177404872653401
8.0 0.36083036004534846 0.5561854153456197 0.048156002124410846 0.04663854442593296
14.0 0.36264231224500154 0.5202856163671123 0.055607078356956496 0.03436880476009885
31.0 0.47971479124577887 0.5259915741503938 0.04922516059277188 0.029503476649792915
8.0 0.41593618962619877 0.5968465537956369 0.044852981619356025 0.040301418698881375
