1.0 0.6804200978227375 0.47393628829563983 0.07682312996321328 0.07783874014214681
1.0 0.7524433205229406 0.49667404085074596 0.09061600630897004 0.08147267779862716
1.0 0.7994228289977545 0.545293309020705 0.08495408673426319 0.08495408673426341
17.0 0.6938202438269943 0.5417325633003212 0.08466132789472691 0.0765335044929496
17.0 0.7413752125278337 0.5918050603806017 0.08858416891397836 0.08350464703415605
38.0 0.6262225979065148 0.5811024552688562 0.0900347148684113 0.07987504068655771
33.0 0.6660746673988618 0.6350650077607227 0.10223054436905465 0.08292670111391265
33.0 0.5636802917027692 0.6268728660898298 0.08829139668935759 0.07508394633738957
31.0 0.5633402346555902 0.55810638795928 0.09148548635897147 0.07624639536766387
26.0 0.49790766017418875 0.6008201743575834 0.07667603880557672 0.07362784235398967
27.0 0.49883712871671304 0.6668321695537103 0.06738176366083165 0.06331795703031118
26.0 0.5965861371153504 0.6760236359115006 0.08306466519644617 0.07595255704397041
36.0 0.5408838268860305 0.7157245653931846 0.0864051085208129 0.08132558664099077
