1.0 0.3189640035374677 0.3603307760999398 0.07612159528870172 0.07329321199611538
1.0 0.2716329027322725 0.4062230660361144 0.0773943858173852 0.07032300949725645
6.0 0.36230927235201416 0.4097823501616241 0.07031914428941016 0.06042026131421446
6.0 0.3307499875154333 0.46338844271971824 0.08729812960780287 0.07739835650835686
11.0 0.42730215702328767 0.4455186975312456 0.07640531758031255 0.07640531758031255
11.0 0.3995593618468928 0.5088866146019119 0.07300948699872822 0.07300946002526615
34.0 0.4809752784606086 0.4935581308439724 0.08474859295198622 0.066364614045956
34.0 0.45026222387975146 0.5550867652441398 0.07597977472954076 0.07173760439259336
8.0 0.5470272067525245 0.5348827034336117 0.08361858214616036 0.07089045272758993
8.0 0.5133439510256965 0.5945710878822545 0.08984279331455458 0.07145789731081176
