1.0 0.6803518533706665 0.47346822917461395 0.07698440551757812 0.07799676060676575
1.0 0.7524338364601135 0.4960189759731293 0.09077870845794678 0.08166521787643433
1.0 0.79953932762146 0.5445162057876587 0.0851294994354248 0.0851294994354248
17.0 0.6939278841018677 0.5412294864654541 0.08481454849243164 0.0767132043838501
17.0 0.7416126132011414 0.5911784172058105 0.0887535810470581 0.08369052410125732
38.0 0.6264326274394989 0.5807746648788452 0.09019356966018677 0.08006703853607178
33.0 0.6664246022701263 0.6346336007118225 0.10239022970199585 0.08314931392669678
33.0 0.5640093088150024 0.6267071962356567 0.08843851089477539 0.07527410984039307
31.0 0.5634908080101013 0.5579418540000916 0.09163379669189453 0.07644438743591309
26.0 0.49816930294036865 0.6008252501487732 0.07682621479034424 0.07378792762756348
27.0 0.4992700219154358 0.6668346524238586 0.06751000881195068 0.06345951557159424
26.0 0.597042590379715 0.6757724285125732 0.08321720361709595 0.07612824440002441
36.0 0.5414434671401978 0.7156177759170532 0.08657002449035645 0.08150696754455566
