1.0 0.32162211527800294 0.537577245337999 0.06568515355085136 0.06694079441155354
1.0 0.2618125704924269 0.5836985400871335 0.07943657065866999 0.06813319694722975
1.0 0.234420368760717 0.6455093177108273 0.07285002456897832 0.07285002456897827
17.0 0.33235624177593703 0.6058464088012525 0.07413804466535368 0.06409009465085558
17.0 0.3049234798097784 0.6692196708838494 0.07692464763699014 0.07064524893279911
38.0 0.4093705493584615 0.6195661093876133 0.0791306110020164 0.06657072777483375
33.0 0.3905086231858992 0.6839429265761775 0.09132028843758522 0.06745605426204215
33.0 0.483839096613547 0.6410344844372649 0.07821265754236084 0.06188520024179156
31.0 0.4605079433248117 0.5763460275708944 0.08133654731319989 0.062497265381826095
26.0 0.5366392753994076 0.593950222053709 0.06632864774348146 0.06256031359693459
27.0 0.5584697017348528 0.6562549713633583 0.05855086998412251 0.053527003558753505
26.0 0.46984485867793724 0.6985040922529404 0.07257652567603518 0.0637842165222392
36.0 0.5358033078845146 0.7166257327250072 0.0750560796530465 0.06877657236697532
