0.0 0.7333043788585176 0.4836040378675541 0.07695397035843554 0.06910801605829014
0.0 0.7152763043506061 0.5393285935349135 0.08694168007214842 0.05555783792988711
0.0 0.6941912747466593 0.6562334288696468 0.07433875346304242 0.07172336885184605
0.0 0.6766426418511258 0.7191446254072609 0.09191442340785672 0.08799184532467119
6.0 0.6494303225030744 0.47390621321987136 0.0831317485592804 0.07005517468682526
6.0 0.6405506234192784 0.531823450921421 0.07006589319085632 0.06352798037983531
6.0 0.6144147973569385 0.6455836120709737 0.08918543601751416 0.08003223836201878
38.0 0.5630592550132734 0.459873931878945 0.08645744117007126 0.0720727260417699
38.0 0.5689704703864613 0.5192687281583557 0.08301930543094826 0.05948136770547119
32.0 0.48203727346338265 0.4521946851036468 0.0859840108979979 0.06898480905899645
32.0 0.4867587233157781 0.509035683588182 0.09608522423202381 0.06600860050343205
33.0 0.5313138708651424 0.6360033264322846 0.09904992518264322 0.07551201239884653
26.0 0.4455396326963038 0.6283855429446699 0.09500334196638965 0.0884654291553687
31.0 0.49570925571181623 0.7032593525589536 0.09596106554033135 0.07503843760100914
26.0 0.40262511645340293 0.686617592013657 0.09465376326876002 0.07634567192349906
27.0 0.4074298844092069 0.4439175983987666 0.07268102447670638 0.06091169395960139
27.0 0.40829067387390183 0.5001656969162274 0.0641247712098269 0.06412477120982679
36.0 0.35797988286115623 0.6117996751039487 0.09976027403273835 0.08014483956540552
