0 0.282778 0.253437 0.072222 0.051875
0 0.297222 0.309375 0.070000 0.056250
0 0.312222 0.357500 0.068889 0.048750
0 0.330000 0.404687 0.064444 0.051875
6 0.410000 0.395313 0.066667 0.049375
6 0.391667 0.353125 0.067778 0.047500
6 0.357222 0.246875 0.070000 0.053750
11 0.424444 0.239687 0.064444 0.051875
11 0.460000 0.341875 0.055556 0.055000
11 0.628333 0.364687 0.076667 0.045625
34 0.478889 0.387813 0.077778 0.039375
34 0.508333 0.230937 0.083333 0.046875
34 0.537222 0.332500 0.076667 0.041250
8 0.520556 0.288125 0.063333 0.041250
8 0.584444 0.222500 0.068889 0.047500
8 0.611111 0.319063 0.071111 0.040625
8 0.551667 0.376875 0.076667 0.050000
14 0.598333 0.276250 0.085556 0.041250
31 0.448333 0.297500 0.076667 0.043750
