28.0 0.3354170024394989 0.4156250059604645 0.06666702032089233 0.04791700839996338
6.0 0.4197919964790344 0.41666701436042786 0.08125001192092896 0.058332979679107666
32.0 0.49583299458026886 0.4208329916000366 0.07916697859764099 0.058332979679107666
11.0 0.581250011920929 0.4239580035209656 0.08333301544189453 0.05624997615814209
21.0 0.6708329916000366 0.42604199051856995 0.08749997615814209 0.06458300352096558
28.0 0.3302080035209656 0.4854170083999634 0.06875002384185791 0.04166698455810547
6.0 0.41666701436042786 0.48854200541973114 0.07916700839996338 0.05625000596046448
9.0 0.49479202926158905 0.49583300948143005 0.07291701436042786 0.058332979679107666
11.0 0.578125 0.5000000149011612 0.08124995231628418 0.0541670024394989
20.0 0.6656249761581421 0.5072919875383377 0.07291698455810547 0.04375001788139343
12.0 0.31770798563957214 0.5895829796791077 0.07708299160003662 0.05416703224182129
6.0 0.3979170024394989 0.6020830273628235 0.07499998807907104 0.04999995231628418
20.0 0.4843750149011612 0.606249988079071 0.08958300948143005 0.04999995231628418
9.0 0.5718749761581421 0.612500011920929 0.08124995231628418 0.05416703224182129
28.0 0.6677079796791077 0.6229169964790344 0.08958303928375244 0.05416703224182129
