26.0 0.42908334732055664 0.02699831686913967 0.051810503005981445 0.05010863021016121
6.0 0.37216535210609436 0.039640615694224834 0.053904056549072266 0.05050038732588291
11.0 0.3071889579296112 0.04930700175464153 0.065157949924469 0.05664694681763649
9.0 0.24624177068471909 0.060460854321718216 0.05926789343357086 0.0575660839676857
12.0 0.18311075866222382 0.0724242702126503 0.05979412794113159 0.04958127439022064
12.0 0.5549880266189575 0.4378974139690399 0.05116105079650879 0.03584176301956177
12.0 0.5495320558547974 0.4111042618751526 0.047365784645080566 0.03715294599533081
27.0 0.5997403860092163 0.4406909644603729 0.044095754623413086 0.030479013919830322
27.0 0.5943984389305115 0.4128630757331848 0.03231525421142578 0.03231525421142578
6.0 0.5050576329231262 0.43453702330589294 0.051944851875305176 0.04003012180328369
11.0 0.45845988392829895 0.42944538593292236 0.05403953790664673 0.04042208194732666
9.0 0.40623149275779724 0.4279303550720215 0.049851298332214355 0.03963834047317505
