0.0 0.7269198342264567 0.44336829860012417 0.07005548800709416 0.060891666220616925
0.0 0.7188349437670519 0.501375816397793 0.08220432728069293 0.04554901100370495
0.0 0.7183558709360829 0.6201659232554899 0.06700098050392711 0.06394629555889064
0.0 0.711990220807318 0.685167859109237 0.08293529836259528 0.07835385356662083
6.0 0.642635384519346 0.4483719642547003 0.076303901502207 0.061030884612130964
6.0 0.6439405697188794 0.5069514143237432 0.06370267100800275 0.056066599529149774
6.0 0.6379416408747388 0.6235210009295814 0.08119863897083324 0.07050799907126004
38.0 0.5551396624568798 0.4495402278064401 0.07946299127891976 0.06266210755690338
38.0 0.5712677677461331 0.5070082059511398 0.07762296331773622 0.0501314105650677
32.0 0.4740142959662627 0.4560369375175046 0.07939340399017392 0.05953888404196539
32.0 0.4885275339700781 0.5111963167750002 0.0902242540656451 0.05509572677067426
33.0 0.5544389881668977 0.6285062639584926 0.091994694074234 0.0645031704526442
26.0 0.4686441260483422 0.6358881466971235 0.08605953490507956 0.07842346342622664
31.0 0.5310452221116343 0.7009203052786623 0.08887051712160532 0.06443356192073602
26.0 0.43648545723602006 0.7006835729504826 0.08734363941865358 0.06596037870613447
27.0 0.39910246650182113 0.46083177558480976 0.06675721685786318 0.053011018080883154
27.0 0.4097107295621902 0.5160771762999328 0.057488991567407166 0.057488991567407166
36.0 0.379534640108541 0.6347478314916446 0.0920991558403706 0.06918896049043943
