0.0 0.28669857013200706 0.40407156197343475 0.0805243038604247 0.07302059898396768
0.0 0.2843813457732304 0.4625939168512644 0.08990740898188015 0.059892480541200666
0.0 0.26381269605530555 0.579590730863486 0.07802317447891699 0.07552192136428937
0.0 0.2585644896787252 0.6446924033848227 0.09643731947986289 0.09268582107990031
6.0 0.3687641562857127 0.42392460677561344 0.08677051089618198 0.07426435425789535
6.0 0.3571040213245186 0.48134669196149615 0.0733454510153026 0.06709264503328677
6.0 0.34236126168637804 0.5971357330889624 0.09332038698218642 0.08456649128781968
38.0 0.4546696103573725 0.44057169345143066 0.0902045236877817 0.07644725028535165
38.0 0.4286177461635887 0.4942744361388612 0.08615622710674459 0.06364494907509666
32.0 0.533361604636622 0.4613346216249593 0.08958293780831039 0.07332517383521003
32.0 0.5093079887841934 0.5130513025331799 0.09958146272179136 0.07081664339788318
33.0 0.4236606453087998 0.6168322357602795 0.10300811155679723 0.08049683352514925
26.0 0.5067915508693267 0.6392933854848499 0.09956048486430147 0.0933077333497111
31.0 0.4338585518539862 0.6922448276920983 0.0998850649727222 0.07987493112085087
26.0 0.5269651789051604 0.7087603298083094 0.09863476028720536 0.08112517147342979
27.0 0.6062397632916725 0.4793220632163373 0.07584638760510287 0.0645904217847259
27.0 0.5860141326255528 0.531815057911192 0.06740998245185537 0.06740998245185542
36.0 0.5946941036111206 0.6539542102423921 0.10394087123376938 0.08518098266723328
