1.0 0.6810359954833984 0.3603307902812958 0.07612156867980957 0.07329320907592773
1.0 0.7283670902252197 0.4062230587005615 0.07739436626434326 0.07032299041748047
6.0 0.6376907229423523 0.409782350063324 0.07031917572021484 0.06042027473449707
6.0 0.6692500114440918 0.46338844299316406 0.08729815483093262 0.07739830017089844
11.0 0.5726978480815887 0.44551870226860046 0.0764053463935852 0.0764053463935852
11.0 0.6004406213760376 0.5088866353034973 0.07300949096679688 0.07300949096679688
34.0 0.5190247297286987 0.4935581386089325 0.08474862575531006 0.066364586353302
34.0 0.5497377812862396 0.5550867915153503 0.07597976922988892 0.07173764705657959
8.0 0.45297276973724365 0.5348827242851257 0.0836186408996582 0.07089042663574219
8.0 0.4866560697555542 0.5945711135864258 0.0898427963256836 0.0714578628540039
