27.0 0.8675645993181428 0.31833882888432186 0.05750074344854683 0.05953812286109178
34.0 0.8320169816220209 0.27589161608476986 0.05532801879325455 0.055327975068913265
34.0 0.4142322728275143 0.7075653198913434 0.055192592649634 0.04907946332692725
11.0 0.7829315900530194 0.23315097955226097 0.07253180783648627 0.08068324935768839
11.0 0.3659403196382892 0.6763035265404619 0.06592216599898348 0.0638847282873165
6.0 0.7358619611665926 0.19358076829412055 0.055553656096175685 0.0657415442439725
6.0 0.3271104775375824 0.6410789291129592 0.05754590174815605 0.061621709957439874
12.0 0.6950172890078202 0.15518672715594783 0.06397501841019748 0.07008811858334343
12.0 0.28006344943406525 0.6004659261632479 0.06153141918879465 0.05337991936847075
27.0 0.4541029252306612 0.742812475158428 0.05741047463588894 0.05537315352246586
