1.0 0.6822884650920484 0.5012785223780976 0.06732134057786077 0.06853256029969473
1.0 0.7500890492277442 0.5345566874064283 0.08103246301656397 0.07012897174685617
1.0 0.7892488439400716 0.589669439326876 0.07462310482053591 0.07462310482053569
17.0 0.6853735117891315 0.570317515986948 0.07564246186355661 0.06594998083458259
17.0 0.7248844073584012 0.6269533342241351 0.07860940881067657 0.07255215805545578
38.0 0.6126376381192395 0.599108598600712 0.08068153979206849 0.0685659908761258
33.0 0.6439495637548418 0.6584357438485622 0.09283037350064882 0.06981039065004724
33.0 0.543940521896924 0.6349856669983429 0.07962878177802424 0.06387891906814158
31.0 0.5539134046487395 0.5669453752358842 0.08275367548155865 0.0645808758103954
26.0 0.4828168559241847 0.5993670986061514 0.0678304906885222 0.064195469895869
27.0 0.47383961969551874 0.6647724388332328 0.05982592365082395 0.054979787876887065
26.0 0.5691060061965373 0.6885141031776713 0.0740804283658758 0.06559916705873547
36.0 0.5080814330170833 0.7194157591753838 0.0766953589316573 0.07063800343588644
