26.0 0.39530318136873466 0.03331129874726484 0.04857971959764479 0.0467410788166186
6.0 0.33943988296002253 0.05000788428241524 0.0506612342615661 0.04698401097476619
11.0 0.2753252639147207 0.06431485751159353 0.061557046350247696 0.05236208904560414
9.0 0.2153362830877267 0.07981614806459131 0.055554315543992094 0.05371573818015254
12.0 0.15322724875622684 0.09628171664517052 0.056663966213082756 0.04563037669730306
12.0 0.5503868794368076 0.4341093898485262 0.04896032902342162 0.032409937893839835
12.0 0.5430211215776417 0.4077771298920627 0.045040247030083025 0.03400667122612733
27.0 0.595224307352833 0.43368234646755677 0.04222879855247208 0.02751787605529915
27.0 0.5878980248898646 0.4063098531273389 0.030223119465587867 0.030223119465587922
6.0 0.500344078244135 0.43434282703145477 0.049446321236544744 0.036574099509628866
11.0 0.45350105434955107 0.43261025790766017 0.05152890947585975 0.03681716426923842
9.0 0.4012986703662848 0.4348492933596695 0.04736480728841175 0.03633117663715957
