0.0 0.6161174216383234 0.457798481107608 0.05170726606581477 0.041830896400282924
0.0 0.6171176226808799 0.4937978812198894 0.04052658366720574 0.03770485218058106
0.0 0.6228560911249712 0.530141284175416 0.04475954694312145 0.033471921342624
6.0 0.5671829667845869 0.4631410638363061 0.040091783272502846 0.033037064364287994
6.0 0.5714396755627965 0.5004069019696396 0.04504947007618321 0.03658438325538582
6.0 0.572999160933745 0.5340010334509419 0.04461467520966966 0.0319166547868206
11.0 0.5196599750123031 0.46678340876833835 0.04519434457372973 0.0381396794850532
11.0 0.5246985062096956 0.5377158170137948 0.045049467312088254 0.0365843535815219
11.0 0.4241302963262079 0.5109901329373124 0.046314870082558024 0.03361676893040144
34.0 0.5206601491450904 0.5027828413185784 0.04616993900137839 0.032061496846408466
34.0 0.46917031295049083 0.4722708577022988 0.046604798743809184 0.03672929019089105
34.0 0.47583654657041274 0.5438360274922052 0.04349319184491168 0.03643938786884904
8.0 0.4732811114100114 0.5079815260231447 0.04816006253551791 0.03687413225047892
8.0 0.4208696582264414 0.47598564126515175 0.04616999558501139 0.032061472700734006
8.0 0.42668481379036227 0.5468457076231032 0.04787013940245616 0.03376167033771715
