0.0 0.37924425337160167 0.8955553877091351 0.06581176265493893 0.05674849718225372
0.0 0.3762926372870735 0.9488050254140303 0.06530206375858016 0.041130858587800745
6.0 0.45503691181366257 0.8946456553065716 0.057800028631374234 0.05024698084150925
6.0 0.4529667990568172 0.9509931402668534 0.056034996496484024 0.04394945153979324
11.0 0.5293683073271944 0.896909274743356 0.056034996496484024 0.04394945153979313
11.0 0.533393006023158 0.948368342114358 0.06061757641476162 0.0409779751659759
9.0 0.6161940533291866 0.8987660814250897 0.07331475094897999 0.04763240603619823
9.0 0.6170953570241564 0.9503261300619001 0.07165072875726619 0.04445908822084588
8.0 0.698987472821232 0.8968454421527086 0.057545179183194795 0.042438161544282926
8.0 0.7007458193041987 0.9507227805008652 0.06374089562840679 0.04107990814044804
