30.0 0.30366855246784796 0.17323886615606157 0.04041258483663218 0.04952041308973992
30.0 0.304667587497055 0.2209420172692564 0.026400184661454718 0.05068519837402996
30.0 0.30961510371725615 0.26719395102389687 0.04188675264907038 0.046439711427244484
30.0 0.31380395752415 0.31264316921122104 0.0309531148620657 0.046131226719962115
6.0 0.3530046847422339 0.3082780187366349 0.033857575330962064 0.038410534109136196
6.0 0.348749692836296 0.2651718795556232 0.03242739941056488 0.043052552490287194
6.0 0.3421556535120599 0.16650964987058223 0.03563927455572369 0.04626344333711535
11.0 0.37829872020157956 0.15971328466358603 0.03251550571858297 0.04617530845153425
11.0 0.38335442099809036 0.2575508007818693 0.03559522140171478 0.04470206535649182
11.0 0.46431718421153345 0.2965687132413407 0.033901628484971136 0.0399719120897597
34.0 0.3891046527856078 0.3030440721232025 0.033769440445380994 0.03528676527199548
34.0 0.419930603784043 0.15229148569581297 0.0466159811984066 0.048134290323351814
34.0 0.42103678051306936 0.25158019720218794 0.041710484138683 0.04019221843866416
8.0 0.41847639792409375 0.20383297143265 0.04036850310506007 0.04795802223322268
8.0 0.46462115955805994 0.14729991632160283 0.0356833562872958 0.047825834193632594
8.0 0.4641870024284285 0.2457638356037599 0.04322882142093287 0.038674907294379
14.0 0.4623411705205913 0.20038172286515576 0.046439712267761 0.04188678243953778
31.0 0.37606379677375545 0.21123375669931227 0.04327287457494189 0.04023628527500253
8.0 0.4274805803318569 0.3002192552971451 0.03563927455572369 0.04626344333711535
