0.0 0.23906299471855164 0.14531299844384193 0.16874998807907104 0.08125000447034836
0.0 0.21015600115060806 0.6757810115814209 0.17968802154064178 0.0859379768371582
6.0 0.40546900033950806 0.13984399661421776 0.1328120231628418 0.08906299620866776
6.0 0.38749998807907104 0.6726559996604919 0.15625 0.09218800067901611
11.0 0.5703120082616806 0.1421869993209839 0.14374998211860657 0.08750000596046448
11.0 0.546875 0.6812499761581421 0.1499999761581421 0.08437502384185791
33.0 0.7421879768371582 0.15000000596046448 0.15625 0.078125
33.0 0.7250000238418579 0.684374988079071 0.15937495231628418 0.07187497615814209
27.0 0.9179689884185791 0.16484400629997253 0.11406195163726807 0.06406199932098389
27.0 0.908594012260437 0.6875 0.12968802452087402 0.07187497615814209
