1.0 0.680784285068512 0.5234041213989258 0.06102252006530762 0.06239175796508789
1.0 0.7440422773361206 0.5646689534187317 0.07482314109802246 0.06249701976776123
1.0 0.7762200236320496 0.6241289973258972 0.06779015064239502 0.06779015064239502
17.0 0.6754631996154785 0.5923068523406982 0.06979227066040039 0.05883514881134033
17.0 0.7078045010566711 0.6533213257789612 0.07208395004272461 0.06523633003234863
38.0 0.5997695326805115 0.6120526790618896 0.0746389627456665 0.06094253063201904
33.0 0.6236457228660583 0.6747429370880127 0.08688592910766602 0.06086242198944092
33.0 0.5272242277860641 0.6393224596977234 0.07408598065376282 0.056281208992004395
31.0 0.5453853607177734 0.5729966163635254 0.0771937370300293 0.05664992332458496
26.0 0.4708779901266098 0.5965452790260315 0.06202307343482971 0.057913780212402344
27.0 0.4540250897407532 0.6603765487670898 0.054885923862457275 0.0494074821472168
26.0 0.5457035899162292 0.6955105662345886 0.06823873519897461 0.058650851249694824
36.0 0.4813782572746277 0.7187734246253967 0.07034516334533691 0.06349742412567139
