1.0 0.34916861307972025 0.1813393687686925 0.06956323256849312 0.07867127408216068
1.0 0.37264782837516275 0.23326607916662806 0.06574899242198867 0.07355626806301063
1.0 0.40241620590799854 0.3257219811812614 0.06568517236725818 0.05397388662723224
1.0 0.3819918137004484 0.2845553962979118 0.05739319635060036 0.05869398704181211
1.0 0.41492416839785157 0.3719720793490142 0.06656586768566886 0.06916744906809241
6.0 0.39833944293192425 0.16533514582935904 0.055365502544568124 0.05536550254456815
6.0 0.41950386576240734 0.21689939096258332 0.05503322011142098 0.06284044611531067
6.0 0.4253528866723746 0.2652661586947495 0.05609256284162367 0.05999577874650938
6.0 0.44801506489889487 0.31232016411180846 0.04822161508209227 0.04822161508209233
6.0 0.46535227263398904 0.3530019897363761 0.055850104621115226 0.05845168600353862
38.0 0.5102562801531655 0.3339560541849728 0.06429471464564257 0.06429471464564274
38.0 0.48654776589840354 0.2986003618705587 0.04749440684881562 0.043590396749811744
38.0 0.4629082661063002 0.2023624239117495 0.059510862305492296 0.05300437735568214
38.0 0.44690518201889373 0.15319077735836467 0.06284044611531064 0.05503322011142098
36.0 0.5770448313874283 0.2107946221275103 0.0681090182983003 0.0694097593523797
34.0 0.49383800978674636 0.13130012565279353 0.06299408113666594 0.06559650635033995
34.0 0.5099623992640211 0.17969924004873677 0.06819778261430726 0.06039055661041767
34.0 0.5239767663406845 0.27679854346192034 0.0559390757564896 0.04943343463792971
34.0 0.5541464113277527 0.3163320552209111 0.0625979878948022 0.053489127368450295
8.0 0.5440236604253823 0.11387409934155313 0.0625093265008908 0.0625093513194571
8.0 0.5606771692999677 0.1639384469018242 0.06308290433581909 0.05657731285439174
8.0 0.572541536167245 0.26465400771091135 0.05512298544091343 0.05382140055558357
8.0 0.6074192418158377 0.29939081761002573 0.05690853539090723 0.05560779433682783
34.0 0.47467716723362924 0.23821502910964218 0.06689714910533062 0.06169234831511489
