28.0 0.3255910450882502 0.43845146770505905 0.07301188382390805 0.05679783187047455
6.0 0.40934404451052797 0.42817236584047735 0.08897405334535674 0.06915649542723246
32.0 0.4852570646079164 0.42210630693412043 0.08689346041579182 0.06887727816083411
11.0 0.5703219987121597 0.41375169275028256 0.09077526184827112 0.06735522211751305
21.0 0.6593756343385851 0.40380694927929506 0.09605434822984416 0.07623700592267929
28.0 0.3297857489198509 0.5083118059764126 0.07425446003000696 0.05083450115335886
6.0 0.4158832251013601 0.4998174559629882 0.0866141919726699 0.06679676881139529
9.0 0.4942804106998673 0.49656882998532537 0.08065095301372932 0.06803938287292954
11.0 0.5774197536080427 0.48952619199128444 0.08841539774956786 0.06499546582428967
20.0 0.6651074060365657 0.48502170637013886 0.07869576165517156 0.05347369942836905
12.0 0.3313635336866795 0.6132132374835639 0.0842533754715904 0.06443689560826327
6.0 0.41252430526875494 0.6148472230733182 0.08161425532467365 0.05999548345160255
20.0 0.49876045434597815 0.6073855726285199 0.09617986851039645 0.06195055064858246
9.0 0.5863084275736707 0.6018485098006896 0.08841540320160035 0.06499552517906215
28.0 0.6826728583513327 0.5993236287621301 0.09673862769480568 0.06611270799220303
