12.0 0.546875 0.7328119874000549 0.04062497615814209 0.05312502384185791
12.0 0.5828120112419128 0.71875 0.04375004768371582 0.05312502384185791
6.0 0.5273439884185791 0.6757810115814209 0.035936951637268066 0.051561951637268066
6.0 0.5632809996604919 0.658594012260437 0.0390620231628418 0.057813048362731934
11.0 0.5062500238418579 0.627344012260437 0.04062497615814209 0.0546879768371582
11.0 0.5406249761581421 0.6085940003395081 0.04375004768371582 0.0546879768371582
9.0 0.4906250089406967 0.5765619874000549 0.03125002980232239 0.046875
9.0 0.518750011920929 0.560155987739563 0.03750002384185791 0.04843795299530029
27.0 0.47343799471855164 0.5359370112419128 0.028124988079071045 0.04375004768371582
27.0 0.5007810145616531 0.5171880125999451 0.02968701720237732 0.04062497615814209
