26.0 0.39303611543937256 0.03382568286519891 0.06409053143009608 0.06281591903868797
6.0 0.3372546013666884 0.05079358895045584 0.06627514944420909 0.06372595853642346
11.0 0.27321030415677733 0.06541201948302734 0.07902095438151088 0.07264664582334139
9.0 0.2132973742800639 0.08120469394254741 0.07337625528436406 0.0721016869304957
12.0 0.15126909965008353 0.09797194489925817 0.07191983596243547 0.06427094211288238
12.0 0.5500660785707074 0.43386524045164954 0.05990329151221896 0.04842989992534347
12.0 0.542572405130178 0.40756913547297036 0.05644444009393501 0.04879556656940043
27.0 0.5949008855822477 0.4332202814961883 0.05152822303498705 0.04132994180247024
27.0 0.5874416014146981 0.4058837244122676 0.04023793555152411 0.04023793555152416
6.0 0.5000249650843871 0.4343419387360943 0.06172388750200691 0.05280041852357936
11.0 0.45317405330890237 0.43283704736405193 0.06390969545665198 0.05371092642369363
9.0 0.4009831701930302 0.43532978266237965 0.05953929302724853 0.05189031110261566
