0.0 0.7205085628524315 0.42205300212604324 0.07523562834912856 0.06702415530446265
0.0 0.7179746784241707 0.4805663937940337 0.085817984838915 0.05297206655661546
0.0 0.7287903655895762 0.5988640687888556 0.07249857165269102 0.06976134436143921
0.0 0.7286328485311626 0.6641767655228965 0.08966418483881189 0.0855588659746579
6.0 0.6370814842226685 0.43504637288642056 0.08144250958753263 0.06775673858218029
6.0 0.6439495196963191 0.4932364542365034 0.06847936379780006 0.061636869849666764
6.0 0.6490592588719437 0.6098484014558605 0.08719615635470601 0.07761653952986569
38.0 0.5500930700506657 0.44452698567245796 0.08472912717820746 0.06967427266177767
38.0 0.5716112355934546 0.5002015116599692 0.08171283695250875 0.057078339507602716
32.0 0.4699527016784168 0.4587063256594601 0.08436295081657452 0.06657180873979601
32.0 0.4896438500741483 0.5122362226543629 0.09467604542926156 0.06319824482349995
33.0 0.5664086872395561 0.6227491326581343 0.09732615580007797 0.07269168445880791
26.0 0.4817041179031472 0.6382535350085099 0.09276765505489937 0.08592516110676596
31.0 0.5500047907102847 0.697059117513634 0.09422274477776138 0.07232539631319845
26.0 0.45585076154168075 0.7058126292000555 0.09285454180381614 0.07369353310687421
27.0 0.3958359449062599 0.4706008215032612 0.07121636790403185 0.05889874067885398
27.0 0.41164798061883895 0.524587570543712 0.06245551154644147 0.06245551154644147
36.0 0.39288978690872317 0.6455894339470439 0.09787559132027479 0.07734633442861383
