12.0 0.4208329916000366 0.2958329916000366 0.10416698455810547 0.09166699647903442
6.0 0.5010420083999634 0.3666670024394989 0.08541703224182129 0.09166699647903442
11.0 0.5479170083999634 0.4604169875383377 0.10000002384185791 0.09999999403953552
33.0 0.5947920083999634 0.543749988079071 0.08958303928375244 0.10000002384185791
27.0 0.6541669964790344 0.6312500238418579 0.11249995231628418 0.10000002384185791
12.0 0.7104169726371765 0.12187500670552254 0.11249995231628418 0.10625001043081284
6.0 0.7791669964790344 0.20208300650119781 0.08749997615814209 0.09166699647903442
11.0 0.8197919726371765 0.27604201436042786 0.1270829439163208 0.11458301544189453
33.0 0.859375 0.3687500059604645 0.09375 0.08749997615814209
26.0 0.9208329916000366 0.44999998807907104 0.11666703224182129 0.11666703224182129
