28.0 0.1735207139243979 0.5098079364904191 0.07989754153838363 0.08176703423709275
6.0 0.21518322452409894 0.5651855965654373 0.07721270142736567 0.07534326222297516
33.0 0.2503011559928894 0.6125945077792776 0.08591404568979838 0.08030473843173336
21.0 0.2800323804653481 0.6615684982148167 0.0792867128242769 0.07554692501208027
11.0 0.31163314025488686 0.7128180766136195 0.07843431754589097 0.08778335912183421
11.0 0.20978074384614123 0.7907373175255068 0.08509959258376892 0.0720107097013104
20.0 0.17393119137628346 0.7401165203046076 0.08363633893161126 0.07802703167354619
33.0 0.13436080735057465 0.6954103720059173 0.07432530889355482 0.06684661592541807
6.0 0.0939579498318441 0.6485295143886023 0.0811561877806477 0.07367740119745336
28.0 0.06069038136375526 0.5929291966036472 0.07908315515268254 0.07347383452103784
