1.0 0.698436975479126 0.20859399437904358 0.05937504768371582 0.07031199336051941
1.0 0.6671870350837708 0.2562499940395355 0.05624997615814209 0.06562501192092896
1.0 0.6234369874000549 0.34296900033950806 0.05937492847442627 0.04531198740005493
1.0 0.6499999761581421 0.30546900629997253 0.04999995231628418 0.05156201124191284
1.0 0.6039060354232788 0.3867189884185791 0.05781292915344238 0.06093698740005493
6.0 0.6523439884185791 0.18515600264072418 0.048438072204589844 0.04843801259994507
6.0 0.6234369874000549 0.2328130006790161 0.046875 0.05624997615814209
6.0 0.6101559996604919 0.27968698740005493 0.04843795299530029 0.05312502384185791
6.0 0.580469012260437 0.3226560056209564 0.04218792915344238 0.04218798875808716
6.0 0.5570310354232788 0.36015599966049194 0.048438072204589844 0.05156201124191284
38.0 0.515625 0.3343749940395355 0.05624997615814209 0.05624997615814209
38.0 0.544530987739563 0.3031249940395355 0.04218792915344238 0.03750002384185791
38.0 0.5828129649162292 0.21171900629997253 0.05312502384185791 0.04531198740005493
38.0 0.606249988079071 0.16562500596046448 0.05624997615814209 0.046875
36.0 0.46875 0.20234400033950806 0.05937504768371582 0.06093698740005493
34.0 0.5632809996604919 0.1367190033197403 0.0546879768371582 0.05781298875808716
34.0 0.5398440361022949 0.18203100562095642 0.060936927795410156 0.05156201124191284
34.0 0.5109369605779648 0.2757810056209564 0.04999998211860657 0.04218798875808716
34.0 0.4750000238418579 0.310155987739563 0.05624997615814209 0.04531198740005493
8.0 0.5164059996604919 0.11171899735927582 0.0546879768371582 0.05468800663948059
8.0 0.4921879768371582 0.15859399735927582 0.05624997615814209 0.04843801259994507
8.0 0.4648439884185791 0.2562499940395355 0.04843795299530029 0.046875
8.0 0.42500001192092896 0.2851560115814209 0.04999995231628418 0.04843801259994507
34.0 0.565625011920929 0.24531200528144836 0.05937492847442627 0.05312502384185791
