26.0 0.6402554842589234 0.042738411326502086 0.04537979771952039 0.04338163454892151
6.0 0.6946703336031532 0.06367910960474357 0.04746107861346138 0.04346485232979389
11.0 0.7574957300731835 0.08287143224797333 0.0580361861292078 0.048043701459550135
9.0 0.8161158428849242 0.10293744924175197 0.05187441280214411 0.0498763496890753
12.0 0.8767756664950495 0.12412784610778418 0.0536228523870238 0.04163221526721682
12.0 0.45482631816050045 0.43043169196800646 0.04687841781650287 0.02889247643072529
12.0 0.464194105752717 0.40474342997447876 0.04279899755922867 0.030808389027287497
27.0 0.4101543567252073 0.42655984956737775 0.040467003226212606 0.024480096940939333
27.0 0.4195627216873014 0.3998313831008071 0.028143375904703172 0.028143375904703116
6.0 0.5047031911014126 0.4345106032494266 0.04704489862342126 0.033056169802679725
11.0 0.5515407661023837 0.43638335337381945 0.04912725154437814 0.03313943044740075
9.0 0.6034166705718127 0.4426279056181208 0.04496361772947988 0.032972952021807334
