1.0 0.6868725532397072 0.36824203453357185 0.07344942116328057 0.07047767664150811
1.0 0.7321871641978533 0.4161265135804923 0.07486089961281794 0.06743111319854467
6.0 0.6414416173572426 0.4157846231264209 0.06816911530816372 0.057768491273114675
6.0 0.6706673773783398 0.470697796135569 0.08452447554544507 0.07412297295005554
11.0 0.574972619288779 0.448694103173822 0.07359910182948137 0.07359910182948137
11.0 0.5999657881570433 0.5131960187112437 0.07032799454784666 0.07032796620719056
34.0 0.5192840510209353 0.49438189675275335 0.08243945979229522 0.06312365887324128
34.0 0.5473237985290559 0.5571739116313748 0.07337460224208958 0.06891741056927303
8.0 0.45151676852015954 0.5328289116337138 0.0811037499887643 0.06773047453094638
8.0 0.4826030780437829 0.5939100569622795 0.08734660036471081 0.06802983586334788
