28.0 0.8221249460120744 0.5540409096763952 0.09025870983051698 0.09185711734079083
6.0 0.7733300010334594 0.60324962116736 0.08672662245145968 0.08512829138222044
33.0 0.7321008263075754 0.6454518442729634 0.09602102972422888 0.09122517018478771
21.0 0.6959960568151835 0.689936057801247 0.0888090820128653 0.08561170642473204
11.0 0.6577300465583658 0.7364209047596149 0.0896258109418796 0.09761904606945382
11.0 0.7480608794588226 0.8274464951654148 0.0940880580549982 0.08289739637860105
20.0 0.7904509269371272 0.7821614169342231 0.09345515512031188 0.08865929558087049
33.0 0.8357244167853195 0.7432413630644146 0.08271245888152545 0.07631831923353449
6.0 0.8821178780245282 0.7022797824952146 0.09040745595069688 0.08401326534201625
28.0 0.9226258854365008 0.651710719772242 0.08832595741807625 0.08353009787863497
