1.0 0.31312745809555054 0.3682420253753662 0.07344937324523926 0.07047766447067261
1.0 0.2678128480911255 0.4161265194416046 0.07486093044281006 0.06743109226226807
6.0 0.3585583567619324 0.415784627199173 0.06816911697387695 0.05776846408843994
6.0 0.3293326497077942 0.4706977903842926 0.08452451229095459 0.07412296533584595
11.0 0.42502737045288086 0.448694109916687 0.07359910011291504 0.07359910011291504
11.0 0.40003418922424316 0.5131959915161133 0.0703279972076416 0.0703279972076416
34.0 0.48071596026420593 0.494381919503212 0.08243948221206665 0.0631236732006073
34.0 0.4526761770248413 0.5571739077568054 0.07337462902069092 0.06891739368438721
8.0 0.5484832227230072 0.5328289121389389 0.08110374212265015 0.06773045659065247
8.0 0.5173969268798828 0.5939100384712219 0.08734655380249023 0.06802988052368164
