8 0.524219 0.360156 0.064062 0.054688
8 0.456250 0.461719 0.071875 0.057813
8 0.554688 0.446094 0.065625 0.057813
34 0.521094 0.497656 0.057813 0.051562
34 0.588281 0.394531 0.060937 0.057813
34 0.612500 0.485156 0.071875 0.045312
11 0.490625 0.412500 0.081250 0.062500
11 0.576562 0.539062 0.078125 0.065625
11 0.643750 0.438281 0.068750 0.070312
6 0.710938 0.477344 0.075000 0.064062
6 0.678906 0.522656 0.060937 0.057813
6 0.638281 0.574219 0.067187 0.060937
0 0.760938 0.524219 0.059375 0.057813
0 0.732031 0.574219 0.060937 0.054688
0 0.698438 0.621094 0.075000 0.054688
