1.0 0.31874017796973214 0.5193802292729803 0.08003664850069236 0.0809827604340706
1.0 0.25458070973852764 0.559228879242121 0.09383978904608617 0.08532262294023385
1.0 0.22108929320522958 0.617959041979825 0.08844616952328643 0.08844614456715405
17.0 0.32252852037061963 0.5883841785622557 0.0876959892614595 0.08012479783025761
17.0 0.2888390593977002 0.6486647559095702 0.09194708857616793 0.08721549322978428
38.0 0.3977646110658112 0.6098074821010753 0.09317895537951415 0.08371509087117346
33.0 0.372500998207968 0.6719516359891267 0.1053749489780465 0.08739315720181706
33.0 0.46968590770809104 0.6386829482689715 0.0911968461087087 0.07889402189692474
31.0 0.4530034250762139 0.5719698360406522 0.09441109887769794 0.08021565150103971
26.0 0.5269690226017721 0.5971686656353912 0.07966085985733878 0.07682137607511608
27.0 0.5423989780475762 0.6613587472818865 0.06992881435470422 0.06614334341976513
26.0 0.4499622589746968 0.6944464899117608 0.08608939972864071 0.07946429527468479
36.0 0.5137546632244758 0.7191332644993382 0.08967841941714638 0.08494683654882895
