26.0 0.1222294382750988 0.7721552848815918 0.03960946947336197 0.04754221439361572
11.0 0.16211098432540894 0.7667298316955566 0.04386970400810242 0.0498194694519043
31.0 0.20392762124538422 0.7645226716995239 0.03495827317237854 0.036942124366760254
6.0 0.23802036046981812 0.7713380455970764 0.033170878887176514 0.04308760166168213
12.0 0.2755278944969177 0.7720579504966736 0.03723549842834473 0.04120135307312012
12.0 0.5711816549301147 0.7828189134597778 0.04188573360443115 0.05180239677429199
12.0 0.856577455997467 0.7899694442749023 0.04149460792541504 0.04347860813140869
6.0 0.534714937210083 0.7821478843688965 0.039511799812316895 0.04546165466308594
6.0 0.8170371055603027 0.7881119251251221 0.03752875328063965 0.04744446277618408
31.0 0.49834494292736053 0.7793971300125122 0.033170849084854126 0.04308748245239258
31.0 0.7818067669868469 0.7833284139633179 0.03743100166320801 0.0453639030456543
11.0 0.4588055908679962 0.7775396108627319 0.045852601528167725 0.047835588455200195
11.0 0.7442991733551025 0.7826085090637207 0.04169011116027832 0.04763996601104736
26.0 0.4212980270385742 0.7768197059631348 0.041396915912628174 0.0413968563079834
26.0 0.7036212086677551 0.7827838063240051 0.047933340072631836 0.047933340072631836
