27.0 0.8268914222717285 0.25251975655555725 0.06517934799194336 0.066886305809021
34.0 0.7840023040771484 0.21750660240650177 0.06243157386779785 0.06243157386779785
34.0 0.4547543525695801 0.7199825048446655 0.06139075756072998 0.056268930435180664
11.0 0.7277613282203674 0.184748575091362 0.08302843570709229 0.0898580253124237
11.0 0.40144920349121094 0.6983498334884644 0.07409000396728516 0.07238292694091797
6.0 0.674095869064331 0.1547258347272873 0.06416630744934082 0.07270213961601257
6.0 0.3566931486129761 0.6710473299026489 0.06552636623382568 0.06894123554229736
12.0 0.6267653703689575 0.12468884140253067 0.07307696342468262 0.07819871604442596
12.0 0.30285394191741943 0.6399961113929749 0.06824731826782227 0.061417579650878906
27.0 0.5005369335412979 0.7471116185188293 0.06448552012443542 0.06277847290039062
