0 0.399219 0.490625 0.054688 0.037500
0 0.402344 0.528906 0.039062 0.042188
0 0.399219 0.565625 0.054688 0.034375
0 0.403125 0.608594 0.046875 0.039062
6 0.457031 0.495312 0.045312 0.034375
6 0.458594 0.567969 0.051562 0.035937
6 0.460156 0.604688 0.051562 0.037500
11 0.517188 0.491406 0.050000 0.045312
11 0.521875 0.566406 0.050000 0.039062
11 0.639844 0.600781 0.042188 0.042188
34 0.521094 0.602344 0.051562 0.032813
34 0.576562 0.492188 0.050000 0.031250
34 0.582812 0.558594 0.046875 0.032813
8 0.578906 0.525781 0.045312 0.032813
8 0.631250 0.482812 0.040625 0.040625
8 0.637500 0.560156 0.046875 0.045312
14 0.636719 0.524219 0.054688 0.032813
31 0.519531 0.526563 0.048438 0.028125
8 0.581250 0.599219 0.043750 0.039062
