1.0 0.37301414118370607 0.3400985638071745 0.08053600147246365 0.07879703231115803
1.0 0.2291891308422837 0.34308318561040235 0.06058815184905028 0.07972069402885462
6.0 0.35810786676852013 0.41579210706385183 0.07563744731930994 0.0860732527514732
9.0 0.3235554349614467 0.4958157487511712 0.07993279063794445 0.10080437662146674
26.0 0.2910447041850679 0.5898591817488861 0.0759570781723305 0.08813264895153117
1.0 0.18670122386920268 0.3111920632709476 0.07435998810062636 0.0778388221321859
6.0 0.1587335714011021 0.3827501796565653 0.0749987319167666 0.08195649950310213
6.0 0.2090827813863647 0.3979411191331908 0.0474196488010693 0.0595952693418782
37.0 0.1883544464521733 0.44321541088354655 0.04884016510839537 0.05579708674739087
37.0 0.12632765003314436 0.45572864785932043 0.0632853027757312 0.08415681411684117
9.0 0.1694375968152779 0.49720345055952786 0.05075661288137118 0.06814929019092159
9.0 0.10531691920403924 0.5367988581977966 0.06456304428450749 0.09239232321195301
27.0 0.15321698868859943 0.5473929674873561 0.04060464687493981 0.054519286338662654
