27.0 0.17310853608516436 0.2525197467508853 0.0651793128404615 0.06688629473880414
34.0 0.2159976536454128 0.21750660036132596 0.062431588456471204 0.06243157624507731
34.0 0.5452456459792372 0.7199824914984173 0.06139073598990252 0.05626888665173069
11.0 0.27223867859359174 0.18474858195824476 0.08302837807693172 0.0898580396882267
11.0 0.5985508213617714 0.6983498600408067 0.07408997648123206 0.07238292131452628
6.0 0.32590415952545126 0.15472583063761078 0.06416627427577498 0.07270212404481362
6.0 0.6433068505146563 0.6710473554677538 0.06552636898232911 0.06894126084494567
12.0 0.37323458819245187 0.12468884041285268 0.07307688887404407 0.07819871378942808
12.0 0.6971460625215824 0.6399961379000059 0.06824728832209981 0.06141760228801718
27.0 0.49946310103343494 0.7471116170973032 0.06448547968465251 0.06277852220909752
