0 0.5455969870090485 0.5188679993152618 0.04716998338699341 0.14465397596359253
0 0.5974839925765991 0.6918239891529083 0.04402494430541992 0.0880500078201294
0 0.5440250039100647 0.7106919884681702 0.018867969512939453 0.03773599863052368
0 0.5801889896392822 0.7798739969730377 0.06603801250457764 0.03773599863052368
0 0.6273579895496368 0.33647799491882324 0.02201300859451294 0.04402494430541992
0 0.6320750117301941 0.0880500078201294 0.02515697479248047 0.07547199726104736
0 0.5235849916934967 0.3647800087928772 0.02201300859451294 0.03773605823516846
0 0.6666670143604279 0.4433959722518921 0.01886802911758423 0.03144705295562744
0 0.6556600034236908 0.38364797830581665 0.02201300859451294 0.02515697479248047
0 0.5974839925765991 0.2201259732246399 0.06918191909790039 0.11320805549621582
