0 0.7152176042937481 0.2965262388952573 0.20380128778593343 0.1490860477351555
0 0.2180968183991718 0.7613416797166306 0.1699359988823535 0.1165842784874569
0 0.5374384565580064 0.35469880313965896 0.07716910947745731 0.16126935051201047
0 0.3842905920555414 0.21601027294221214 0.09895307378786183 0.07055100786306923
0 0.8641692044147622 0.4451245882094549 0.1143744766900926 0.0713993340917739
0 0.1867914397503759 0.17848165772258026 0.07136058249922372 0.04988385746469737
0 0.15315686963153413 0.4416517674001895 0.0783894199149944 0.06941980812404719
0 0.05768702859265753 0.6540238175666863 0.08239791423551833 0.05815075971400674
0 0.4688218072021687 0.4455793225613578 0.03462037759157677 0.04020304873732211
0 0.4504801847552645 0.5220810354752499 0.06659795351772008 0.05345170842778979
