0 0.5690140128135681 0.7922539710998535 0.10704195499420166 0.31690096855163574
0 0.5830990076065063 0.42605599761009216 0.06197202205657959 0.2605629563331604
0 0.6014080047607422 0.1126759983599186 0.0647890567779541 0.1549299880862236
0 0.5239439904689789 0.18309900164604187 0.03943699598312378 0.1126759946346283
0 0.9591549932956696 0.7218310236930847 0.04788702726364136 0.07746493816375732
0 0.32394397258758545 0.8309860229492188 0.10704195499420166 0.12676095962524414
0 0.44647902250289917 0.6126760095357895 0.053521037101745605 0.2957749664783478
0 0.8169009983539581 0.3028169870376587 0.06760603189468384 0.14084500074386597
0 0.36901402473449707 0.39436599612236023 0.06760597229003906 0.12676101922988892
0 0.38169002532958984 0.19718299061059952 0.08168995380401611 0.14084498584270477
