0 0.4309859871864319 0.7922539710998535 0.10704201459884644 0.31690096855163574
0 0.41690099239349365 0.42605599761009216 0.06197202205657959 0.2605629563331604
0 0.3985919952392578 0.1126759983599186 0.06478899717330933 0.1549299880862236
0 0.4760560095310211 0.18309900164604187 0.03943699598312378 0.1126759946346283
0 0.04084499832242727 0.7218310236930847 0.04788699932396412 0.07746493816375732
0 0.6760560274124146 0.8309860229492188 0.10704195499420166 0.12676095962524414
0 0.5535209774971008 0.6126760095357895 0.053521037101745605 0.2957749664783478
0 0.18309900164604187 0.3028169870376587 0.06760600209236145 0.14084500074386597
0 0.6309859752655029 0.39436599612236023 0.06760597229003906 0.12676101922988892
0 0.6183099746704102 0.19718299061059952 0.08168995380401611 0.14084498584270477
