0 0.5727300328771665 0.5397320292726503 0.13055290506811035 0.27615496793790156
0 0.9022212002830634 0.6159526510751381 0.08172722678744637 0.07670001369380375
0 0.8991249053224315 0.7328850057927818 0.127465754590655 0.07757415373739163
0 0.43935129712042875 0.7849775645534858 0.12380725641928197 0.1838090141996166
0 0.3312837458902723 0.8456597753001525 0.04320436806327044 0.1225000598424607
0 0.32833589120968165 0.6725443557915294 0.07741454659493735 0.12187230001363336
0 0.3233278529361464 0.47121168916577627 0.090441881231962 0.14389487038366028
0 0.2735621979742534 0.3741089660021939 0.09288085545684621 0.07307129391063816
0 0.25899081743517627 0.2542974569157293 0.09390981957004546 0.13926452509394163
0 0.6361003101152278 0.13269147489849772 0.05557733053134861 0.08345906178963965
0 0.45853529669721527 0.17134732663341634 0.04404905059448316 0.08195811108862874
0 0.5581687468051858 0.10140532196213474 0.027928484418313415 0.0696955123084069
0 0.5148889497213802 0.9684765953945826 0.10750228730631439 0.06304680921083472
