0 0.6797824837342108 0.721933686844338 0.2234884803529088 0.1643739512344029
0 0.2636521657709598 0.21443838829689338 0.18505538396097435 0.1295336222130994
0 0.5130356932340524 0.6476600547066327 0.10220662509128758 0.164321099675516
0 0.33806049613881795 0.7710140886998319 0.10820398556565913 0.07802178718080377
0 0.8522384727815541 0.5883559929882483 0.12336501144290546 0.08029935198771765
0 0.1358652379859786 0.7898633938149459 0.07786512113689385 0.05529741917936759
0 0.14616401659697648 0.5256027097517457 0.08798753116952981 0.07498477072650772
0 0.08667725567262032 0.30598892103429737 0.09000100043648504 0.06438723892026488
0 0.4600326152082882 0.551095761523913 0.04046033940728516 0.04241157908009052
0 0.45452852989204784 0.47347964380896546 0.07382535173263444 0.05832387061575034
