0 0.45440301299095154 0.48113200068473816 0.04716998338699341 0.14465397596359253
0 0.4025160074234009 0.3081760108470917 0.0440250039100647 0.0880500078201294
0 0.4559749960899353 0.28930801153182983 0.018867969512939453 0.03773599863052368
0 0.4198110103607178 0.22012600302696228 0.06603801250457764 0.03773599863052368
0 0.37264201045036316 0.6635220050811768 0.02201300859451294 0.04402494430541992
0 0.3679249882698059 0.9119499921798706 0.02515697479248047 0.07547199726104736
0 0.4764150083065033 0.6352199912071228 0.02201300859451294 0.03773605823516846
0 0.33333298563957214 0.5566040277481079 0.01886802911758423 0.03144705295562744
0 0.3443399965763092 0.6163520216941833 0.02201300859451294 0.02515697479248047
0 0.4025160074234009 0.7798740267753601 0.06918197870254517 0.11320805549621582
