0 0.5724343113574191 0.4593164922092227 0.1287290070432131 0.2749313620886388
0 0.9013490186802848 0.3787803544353981 0.08130637146818742 0.07575270709066151
0 0.8973928754858009 0.26189422486650127 0.12712457745808536 0.07601740991410708
0 0.43725830819092193 0.21583119678876025 0.12266285649543524 0.18250143351632392
0 0.32874966955525475 0.1565685329238135 0.04236757339260888 0.12215378084390695
0 0.3270751617076527 0.3297142496701761 0.07664695384866005 0.12106777567904436
0 0.3235480977865008 0.5311028595541107 0.0895337699715979 0.14295781464579171
0 0.27449899916306675 0.6288532632194457 0.09250822853089496 0.07196812910708317
0 0.26080949374274376 0.7488500080539542 0.09304295498452303 0.13827240672708352
0 0.638795177889842 0.8655067248526466 0.05505650980539689 0.08287387118230649
0 0.46095442360477235 0.8291803773425495 0.04351774662205282 0.08152411322853204
0 0.5610974703116561 0.8978129485840982 0.027458707574191665 0.06945377310853285
0 0.5114362585972281 0.031108608973355805 0.10721914303350694 0.06221721794671161
