0 0.42955701488384723 0.45349992191022637 0.11713326201493374 0.2667453114772769
0 0.10492897629573358 0.34635789742758805 0.07851936901786559 0.06971085908282976
0 0.11421233762044347 0.23001074926003234 0.1247331810800139 0.06619317387794624
0 0.5755942379152619 0.22146288691713187 0.11529677152555795 0.17399366442151615
0 0.6866059469649732 0.1711369510410738 0.037083515227602004 0.11974147381652858
0 0.680375184021243 0.3440971815085041 0.07171837882889887 0.11581420405970472
0 0.6747045639229656 0.5453985266869759 0.08370541958598599 0.13683461018158444
0 0.7192013216218568 0.6469572054450529 0.08999636998223948 0.06496727945747027
0 0.7273888871318253 0.7678445712819382 0.08746298807885611 0.13181762214753368
0 0.3447814171381997 0.8535373514777762 0.05170589257623681 0.07906374900431135
0 0.5239496395709246 0.8317449282628935 0.040126907131782685 0.07865511582231954
0 0.42086034830352004 0.8921038604446812 0.024484251537696067 0.06780385735460548
0 0.5100138276024503 0.030410761847484657 0.10523082941785128 0.05520566592686602
