0 0.4305019974708557 0.45103102922439575 0.111968994140625 0.26288700103759766
0 0.10810799896717072 0.3324739933013916 0.07721999287605286 0.06701004505157471
0 0.11969099752604961 0.21649497747421265 0.12355199828743935 0.06185603141784668
0 0.581080973148346 0.22422701120376587 0.111968994140625 0.17010295391082764
0 0.6930500268936157 0.17783498764038086 0.03474903106689453 0.11855697631835938
0 0.6833980083465576 0.3505150079727173 0.06949806213378906 0.11340200901031494
0 0.6737449765205383 0.5515460073947906 0.08108103275299072 0.13402098417282104
0 0.7162160277366638 0.6546390056610107 0.08880305290222168 0.06185603141784668
0 0.7220079898834229 0.7757730036973953 0.08494198322296143 0.12886598706245422
0 0.33783799409866333 0.8479380011558533 0.05019301176071167 0.07732000946998596
0 0.5173749923706055 0.8324739933013916 0.038609981536865234 0.07732000946998596
0 0.41312700510025024 0.8891750015318394 0.023166000843048096 0.06700999289751053
0 0.5193049907684326 0.03092801570892334 0.10424697399139404 0.05154597759246826
