0 0.3360589143114 0.27128723262423815 0.23077988351742643 0.1700788545250276
0 0.7159577816562479 0.7944821992556287 0.190592380852315 0.13441113032044893
0 0.49735644910268106 0.35203071174613954 0.11232943319093797 0.16484588884078116
0 0.680755618438458 0.23574470830584476 0.11161529464745334 0.08082037091818331
0 0.15445718008817824 0.39788203020638896 0.12659530638608668 0.08369239291745523
0 0.8839949946237173 0.2248915788414771 0.0802553637510327 0.057331148789861425
0 0.8551444537513346 0.48838014131297525 0.0916402229933666 0.07699067797611331
0 0.8991194902214088 0.7100344530519913 0.09279966736379086 0.06672692273444358
0 0.5435018144118535 0.45055045791994 0.042743866249104534 0.04314857418311052
0 0.5435452357764903 0.5282759862132818 0.07654048955228065 0.060114260056013946
