0 0.5755576991305371 0.5288318375337022 0.1500866239480454 0.2880181359471832
0 0.9093250612069885 0.5562982903569602 0.08589479543320233 0.0867870013518669
0 0.9158632278494836 0.6729776432870306 0.13044130072750526 0.09446958417169293
0 0.4631525769858979 0.7921442158445748 0.13578782901799913 0.19721909689255712
0 0.36072836994932345 0.868299051962951 0.052276233588182175 0.12556534341795433
0 0.34356246439163796 0.6966621353636384 0.0854874256407811 0.13006541808868455
0 0.3220284282784869 0.4972804979703592 0.10000014782564215 0.15342484884795105
0 0.2645785061845157 0.4080588741498443 0.09643574358040208 0.08492484316703436
0 0.24024269777706056 0.2911073172239445 0.10298406968007962 0.1494406510217665
0 0.6050725904076398 0.11496356968108618 0.06103478946923779 0.08945268301284598
0 0.4317597124000018 0.17941141541115668 0.049699623196694076 0.08627110813530015
0 0.5250393358538921 0.09528894238754482 0.032997247574835575 0.07193957359832975
0 0.553395919379404 0.9624003194445347 0.10996039450504846 0.0751993611109304
