0 0.22160622630416313 0.6546137959631306 0.2222578694723138 0.16341381571986235
0 0.8628586111090588 0.3024798611172866 0.18411690531600022 0.12871558323460722
0 0.4134567108240277 0.63302890322029 0.10055196871634026 0.16419417976710082
0 0.5132506277114792 0.7967547951412531 0.10762729713694341 0.0775514614004349
0 0.12930121705895448 0.4821347377955971 0.12281352481087918 0.07973282206914734
0 0.6909553046475684 0.8714228419768919 0.07746051602426007 0.05495599606581503
0 0.8147018588588926 0.6238310527991837 0.08737724718806261 0.07464272965701702
0 0.9678903190913253 0.4373249275236706 0.06421936181734955 0.06399425270212811
0 0.5112349987883966 0.5586189337083576 0.04008257566850415 0.04228206439077753
0 0.5554775543930962 0.4883120957393505 0.07336953352467601 0.05802080491922573
