0 0.5694980025291443 0.5489689707756042 0.111968994140625 0.26288700103759766
0 0.8918919861316681 0.6675260066986084 0.07722002267837524 0.06701004505157471
0 0.8803090155124664 0.7835050225257874 0.12355202436447144 0.06185603141784668
0 0.41891902685165405 0.7757729887962341 0.111968994140625 0.17010295391082764
0 0.3069499731063843 0.8221650123596191 0.03474903106689453 0.11855697631835938
0 0.3166019916534424 0.6494849920272827 0.06949806213378906 0.11340200901031494
0 0.32625502347946167 0.44845399260520935 0.08108103275299072 0.13402098417282104
0 0.2837839722633362 0.34536099433898926 0.08880305290222168 0.06185603141784668
0 0.27799201011657715 0.22422699630260468 0.08494198322296143 0.12886598706245422
0 0.6621620059013367 0.15206199884414673 0.050192952156066895 0.07732000946998596
0 0.48262500762939453 0.1675260066986084 0.038609981536865234 0.07732000946998596
0 0.5868729948997498 0.11082499846816063 0.02316606044769287 0.06700999289751053
0 0.4806950092315674 0.9690719842910767 0.10424697399139404 0.05154597759246826
