0 0.4534416422043911 0.5012726244058354 0.06167734580923512 0.1616148599787381
0 0.38410237873250097 0.35481073184503514 0.05249415729791962 0.10498831459583924
0 0.4342622350228702 0.3132967517555117 0.0224976344100552 0.04499531414513591
0 0.391481051009674 0.2613682727312235 0.0685544450708444 0.06537011697502512
0 0.3933057860738167 0.7146742998427278 0.026247566895078456 0.05249431793969983
0 0.41552681344014064 0.9584990803715004 0.03271317329373652 0.08300183925699911
0 0.4915734795480681 0.6422161325837414 0.025568455717865146 0.0463538521560205
0 0.34337883370340433 0.6272589161204879 0.021818574994330042 0.038854815909356466
0 0.36057801704592374 0.6808424239286528 0.024210091761259767 0.03407164023374487
0 0.4350391251304855 0.8153764814359211 0.07977413222374136 0.14041901878031848
