0 0.5790672997502231 0.7758767552574559 0.11781726031779038 0.3392936155448626
0 0.5801625643610773 0.4079999042611733 0.07093343987692491 0.2732260381788374
0 0.5873309473091977 0.09180220610077867 0.0700083417777595 0.1686276072240279
0 0.5126569961167492 0.17905107522655567 0.04326283736150199 0.12094195106325963
0 0.9651967671151125 0.619601322777743 0.05043614736247726 0.0877338745769719
0 0.33632268858111725 0.8685592056997546 0.11110120592307998 0.1498963760505294
0 0.45066799861359425 0.6240511480056292 0.06375921361242742 0.3064348540806749
0 0.8086982207053158 0.23362815244412763 0.07231680790317463 0.15521951785269011
0 0.3657945479869458 0.42369513407299453 0.07181927939546467 0.14119054132732162
0 0.37145620612974284 0.22448405499816837 0.08634571137207558 0.158328671950827
