0 0.26546400785446167 0.6911199986934662 0.19072198867797852 0.13899600505828857
0 0.8067010045051575 0.25482600927352905 0.15979397296905518 0.1081080436706543
0 0.44845399260520935 0.6428569853305817 0.061855971813201904 0.1583009958267212
0 0.5876290202140808 0.78957499563694 0.09278404712677002 0.06563699245452881
0 0.13144299015402794 0.5347490012645721 0.10824698954820633 0.06563699245452881
0 0.7809280157089233 0.8378379940986633 0.06701004505157471 0.04633200168609619
0 0.8402060270309448 0.5772199928760529 0.07216501235961914 0.06563699245452881
0 0.9561859965324402 0.37065601348876953 0.07731997966766357 0.05405402183532715
0 0.5257729887962341 0.5559850037097931 0.03092801570892334 0.038609981536865234
0 0.5515459775924683 0.4806950241327286 0.06185603141784668 0.05019298195838928
