0 0.45836299704649164 0.45831328466319043 0.06418447721421694 0.16405074435396033
0 0.43046181834885655 0.26448625683446186 0.05386654672001673 0.10773309344003368
0 0.48454886497629635 0.27375020975100667 0.02308580598404364 0.04617165423862868
0 0.45849747580688605 0.18829386858526595 0.06866919964880402 0.07043415022205712
0 0.35589853345968864 0.5925134883030365 0.026933755293161 0.0538667497165749
0 0.31939467360365015 0.8301588939589402 0.034015763845421876 0.08587316238808318
0 0.45982031255162836 0.6185403906733407 0.02612506367798284 0.04778940165259471
0 0.3316603850265649 0.46897280575096534 0.022277164304003783 0.04009427923330061
0 0.3346141251120397 0.5323726607796317 0.024507511826495576 0.035633438330458955
0 0.36980588880645826 0.7203178606927896 0.08141240974336428 0.14498470652898343
