0 0.5834131083778953 0.7677588548389938 0.12239032074714251 0.34855473612073695
0 0.578628251051653 0.40006634450626105 0.07480609451706965 0.27825446378317376
0 0.5807375765043628 0.08530068388564524 0.07219021106138879 0.17060136777129048
0 0.507517624062548 0.17804310411494512 0.044882859775752904 0.12437161782541767
0 0.966736734733364 0.5730397498977116 0.05146010007615576 0.09215501739146481
0 0.34234353351367924 0.8846137912351738 0.11265276488048159 0.15997955739769765
0 0.45268992039049083 0.6288796119342722 0.06822795723107877 0.31047170479219305
0 0.8041946938154458 0.20300659194596968 0.07426267459598745 0.16132509835164105
0 0.3646822367614282 0.43716114297267183 0.07354133878902952 0.147357007292591
0 0.36715566961883456 0.2375436157642177 0.08823068669964185 0.16583304382527891
