0 0.41856002249142293 0.7715286058573669 0.12032093238574781 0.34438377972751577
0 0.42065369681799253 0.40367880182543736 0.07304788422424946 0.27600743403236133
0 0.4162277344516007 0.08716701232610341 0.07120552535344449 0.17178768981997816
0 0.49012789591813766 0.17844076088326769 0.04415005329807781 0.12282604981980133
0 0.03387577792243799 0.5943717929837542 0.05100147195902579 0.0901491212478821
0 0.6604442819158386 0.8773396743220083 0.11196473898211545 0.1553948301311503
0 0.5482451675575473 0.626694517925374 0.06619553180321625 0.3086850408848726
0 0.19368312205684782 0.21696736560689156 0.07338647986696228 0.15856171858666165
0 0.6348353341615466 0.4309834611381801 0.0727674977179189 0.14456299094715125
0 0.630901726573369 0.2315124458807436 0.08738516904388649 0.16243014888451338
