0 0.4563203033103622 0.4677404481776475 0.057430688881819125 0.15710760222449305
0 0.4179129548972697 0.2812402547212076 0.05009932582492638 0.10019865164985281
0 0.47218107925950736 0.27853138263597443 0.02147127005193533 0.04294259015098972
0 0.44158131243241 0.199334773891857 0.06811361442786512 0.05701450074623962
0 0.36187118871780966 0.62369883641064 0.02505015943872929 0.05009941802931783
0 0.33867898855125356 0.8679404245414368 0.030504298701998833 0.08213258545900637
0 0.46659404758884515 0.6266713177037257 0.024581129536954627 0.043880886706765154
0 0.3309759440802069 0.5062501793794637 0.02100229464263942 0.036724017672037534
0 0.33740376708327235 0.5686134081716865 0.02364297193549214 0.031442527429216605
0 0.38273335844621276 0.7476613114980517 0.07685117193546276 0.13258015751219843
