0 0.4538766651626718 0.5127630023626449 0.051874439714297726 0.1506063112167016
0 0.3963547776040016 0.6784366261370376 0.04685469486981969 0.09370938973963949
0 0.44906823401621293 0.7043715702755337 0.0200807033062933 0.04016146212238647
0 0.4106844047789642 0.7685916011724638 0.06714637158727882 0.046433885927338214
0 0.3783598933592789 0.31990443098175336 0.023427850971854625 0.04685470276731313
0 0.381911969914076 0.0713989039295131 0.027610276268430267 0.07865023985240982
0 0.48096240610429664 0.3619430065899134 0.023218785237588357 0.04057973232279111
0 0.3355835015908484 0.4213587203557919 0.019871695063304717 0.03388644013102032
0 0.34855240031547874 0.36320658709219444 0.022800610176541836 0.028028483033123386
0 0.4120357568665258 0.20778235197378503 0.07279235015318009 0.12215701134360332
