0 0.5455969870090485 0.48113200068473816 0.04716998338699341 0.14465397596359253
0 0.5974839925765991 0.3081760108470917 0.04402494430541992 0.0880500078201294
0 0.5440250039100647 0.28930801153182983 0.018867969512939453 0.03773599863052368
0 0.5801889896392822 0.22012600302696228 0.06603801250457764 0.03773599863052368
0 0.6273579895496368 0.6635220050811768 0.02201300859451294 0.04402494430541992
0 0.6320750117301941 0.9119499921798706 0.02515697479248047 0.07547199726104736
0 0.5235849916934967 0.6352199912071228 0.02201300859451294 0.03773605823516846
0 0.6666670143604279 0.5566040277481079 0.01886802911758423 0.03144705295562744
0 0.6556600034236908 0.6163520216941833 0.02201300859451294 0.02515697479248047
0 0.5974839925765991 0.7798740267753601 0.06918191909790039 0.11320805549621582
