0 0.4236323175799811 0.5247374740228912 0.15681128362795382 0.29150432287283706
0 0.08930658052278304 0.5341989255715982 0.08716589581310678 0.09023133636738245
0 0.07924675420413729 0.6504309737909117 0.131138956537175 0.10039331307874322
0 0.52798639598305 0.7938914763751013 0.13977944078984372 0.20154963924282243
0 0.6280251358221567 0.8755026548999845 0.055452225284570944 0.12631081768483676
0 0.6503653414607223 0.704930421360771 0.08819534866757017 0.13268217277043315
0 0.6779087936263007 0.5068714140320663 0.10321001600680924 0.15646208721530197
0 0.738008928212386 0.4208177444918204 0.09744964802562528 0.08902421466715427
0 0.7658601528510965 0.30527261933960426 0.10600695670360949 0.15272750589971668
0 0.4066519854136471 0.10961616770921667 0.06285561929561245 0.09138426816207022
0 0.5778755288995712 0.18334921211979363 0.051625802839779245 0.08759455284670009
0 0.4872147707895683 0.09426957671321781 0.03476022057989964 0.07254599641866956
0 0.4326114114141994 0.9595217530681102 0.11053006278182698 0.08095649386377957
