0 0.43220032518013474 0.5530430493995799 0.12060734737821582 0.2692690949700564
0 0.11407030091493564 0.6906065629243293 0.07937384181653163 0.07152435548947911
0 0.12950166324836984 0.8057839728367049 0.1254885663226078 0.06912372325567395
0 0.5901786773189919 0.7706911455007726 0.11751947770754201 0.17657667520408216
0 0.7035810927008298 0.8103956481784927 0.03866031259266767 0.12050111765584348
0 0.6881917839081497 0.6384586872947986 0.07320346959174306 0.11741246138195471
0 0.6718579371861835 0.4381988049698271 0.08546120481709629 0.1386981457009992
0 0.7108560934067069 0.3326883444206423 0.09077393668729217 0.06706250800716929
0 0.7126109746928135 0.21133040644512702 0.08914678324375647 0.13377726066177079
0 0.32641869566070775 0.16202461925991035 0.05271666821062515 0.08022096965696937
0 0.5062930400658832 0.16682369747617376 0.04114507661790434 0.07953389503480132
0 0.40026098149452755 0.1163623974210844 0.025373228179262908 0.06831796398910804
0 0.5348967259114832 0.9674636391276906 0.10585948595210637 0.05767872813104158
