0 0.4336079686391227 0.7960259016981146 0.10983996187048228 0.32278516634401555
0 0.4162625649311482 0.4307034672771143 0.06427902129451918 0.2639504743703009
0 0.3951649718273429 0.11842119541772061 0.06615379513308034 0.15850065533965446
0 0.473237430149828 0.1845115059959509 0.04043148048563089 0.11484489509193727
0 0.042936168684464135 0.7473536203536691 0.04856555127803117 0.08011329654615906
0 0.6789623791167092 0.8210964733453041 0.10814519297688407 0.13269236266849427
0 0.554511965316323 0.609666596144367 0.05614397763189949 0.2986829716718569
0 0.18142019956190478 0.32051922096809526 0.06884456178168552 0.14457608904745647
0 0.6300119425464034 0.3870955227968947 0.06871900209623405 0.13049560268941063
0 0.6155816059754716 0.19066760339068167 0.08292501655182782 0.1453606343056306
