0 0.4578269425018355 0.46052753896195353 0.06263625579516763 0.1625680140762676
0 0.4273755001399556 0.2682421821608891 0.05302301858696723 0.10604603717393457
0 0.4815660284182182 0.2746454512358699 0.02272429104266427 0.04544862626755958
0 0.45439505226289717 0.1905952402002773 0.06861222917967602 0.0672944578485987
0 0.35717070275722385 0.6000941734108876 0.02651199526109005 0.0530231952420217
0 0.32381831819749674 0.8395851747943144 0.03321152025623092 0.08507156494447088
0 0.4613999730996435 0.6206217436781221 0.025783853323910644 0.0469052441730865
0 0.33130932994674767 0.4778771157277375 0.0219962001888811 0.03933064481872378
0 0.33509940246602365 0.5410987998307458 0.024327417623918268 0.03466806637486619
0 0.3727612006845473 0.7271192151562711 0.08040907208983533 0.1421712103079783
