0 0.5445041152184242 0.4726161140472186 0.05378050455251404 0.15290596887277097
0 0.5880046460746041 0.29064459136108395 0.04798048607801686 0.095961079592124
0 0.5338942355025043 0.2819434910840781 0.020563214343458758 0.041126482404962694
0 0.5666349775110904 0.20624896679751825 0.0675230407387245 0.05002314711922623
0 0.6345008142896649 0.6387724755704041 0.02399077427963725 0.04798058163446117
0 0.6509107138853238 0.8852036561218064 0.028603523487586546 0.07988046692483552
0 0.5298557889128678 0.6301690471208296 0.02369424014883781 0.041719722424920835
0 0.6685932494418254 0.5249169747595998 0.020266736741188063 0.034865575098344426
0 0.6604525348909396 0.5864747119339797 0.023101110056597873 0.029196698547565014
0 0.6102461940356747 0.760240452083734 0.07421160161599072 0.12575182456803624
