0 0.5748841214967726 0.46818979364818863 0.14498990084426744 0.285157648652829
0 0.9078946958684411 0.427522818481879 0.08487166159107351 0.08416618696145733
0 0.9118385405865412 0.3106359481496842 0.129793253016537 0.09001907762851502
0 0.4566802592041179 0.20944289191530402 0.13271403872848708 0.1938324983774853
0 0.352609690243641 0.13737613183434566 0.04988842071019384 0.12488724251847572
0 0.3392633865004176 0.3096171132633347 0.08340904103808722 0.1280077353380531
0 0.3221670828048942 0.5097635340063457 0.09753789474831598 0.1510339656825847
0 0.2667240327786922 0.6012201540968096 0.0955906595861413 0.08182468606773974
0 0.24499641759808544 0.7190836506941249 0.10065610156404511 0.14687050057081252
0 0.6135780444720521 0.8807076989178316 0.05963362070098732 0.08794060436620788
0 0.4389099865369648 0.8231489985370168 0.04823277578000423 0.08520914519787504
0 0.5340169539281145 0.9035418919425203 0.03166761394712625 0.07141930274892694
0 0.5430594691895999 0.035705201106883674 0.10942766772384932 0.07141040221376735
