1 0.5174319033904239 0.38199271992381184 0.04061363902366261 0.07195531788245646
1 0.444356576091077 0.4061361847807061 0.10169431980449128 0.12855844151096313
1 0.46274201674272725 0.5193471919037926 0.04796843272473417 0.07483247116706093
1 0.4012593548829244 0.5728327888566492 0.04301229723450478 0.07211522527185266
1 0.47993018777711366 0.5965000592158185 0.03725576644076767 0.05740335813575148
1 0.5251003523844074 0.6597425358615976 0.05660414259156443 0.06108086710243632
1 0.5556462489585319 0.4673817050425287 0.03389703965438062 0.0786708071211254
1 0.5171094479019789 0.5036785029055839 0.016948554506087343 0.03933592394697222
1 0.41973524967117504 0.27165869163336 0.016948553515261644 0.03933590907878909
1 0.45010683420869047 0.6551028079113748 0.021426161222885542 0.03485822207612144
1 0.4700223556894486 0.3393778368112625 0.02190564552333918 0.042053292727753044
