1 0.5252400040626526 0.3834129869937897 0.03605806827545166 0.06971198320388794
1 0.45072102546691895 0.40264400839805603 0.09375 0.12259602546691895
1 0.46153801679611206 0.5168269723653793 0.04326903820037842 0.0721149742603302
1 0.3966349959373474 0.5661060214042664 0.038462042808532715 0.06971204280853271
1 0.4735580086708069 0.5949519872665405 0.033653974533081055 0.055287957191467285
1 0.5144230127334595 0.6610580086708069 0.05288505554199219 0.05769205093383789
1 0.5576919913291931 0.47115398943424225 0.028846025466918945 0.07692298293113708
1 0.5168269872665405 0.5048080235719681 0.014423012733459473 0.03846201300621033
1 0.43509602546691895 0.26682697981595993 0.014423012733459473 0.03846199810504913
1 0.43990397453308105 0.6514419913291931 0.019230961799621582 0.033653974533081055
1 0.48076897859573364 0.3377400040626526 0.019230961799621582 0.04086500406265259
