1 0.488261313487426 0.6187088566441126 0.043795264253220334 0.07337888827677219
1 0.5600914811899571 0.5910802960042778 0.10715767679068444 0.13251485922832773
1 0.5362848114169301 0.4788840436778435 0.051233828309581786 0.07659093215377089
1 0.5951251286403951 0.4225045805745797 0.04618352667061598 0.07365392990121356
1 0.5154074798219357 0.40264668286670946 0.03975713464101405 0.058774549908521934
1 0.46724924840457543 0.34164882920100975 0.05913695479108638 0.06336258424463637
1 0.44598617641374627 0.5352557094763467 0.037455436984987045 0.07971762602954241
1 0.48273349457639064 0.4971482669140701 0.018727778148261653 0.03985933113235479
1 0.5911491881279586 0.724218662817241 0.018727776443811184 0.03985931632899509
1 0.5423790926397754 0.34267796873386963 0.022954209507467294 0.03563280072628883
1 0.5376647061811337 0.6589953092834131 0.023779034020039447 0.042796501683183386
