1 0.4747599959373474 0.3834129869937897 0.036058008670806885 0.06971198320388794
1 0.549278974533081 0.40264400839805603 0.09375 0.12259602546691895
1 0.5384619832038879 0.5168269723653793 0.04326903820037842 0.0721149742603302
1 0.6033650040626526 0.5661060214042664 0.038462042808532715 0.06971204280853271
1 0.5264419913291931 0.5949519872665405 0.033653974533081055 0.055287957191467285
1 0.4855770021677017 0.6610580086708069 0.0528850257396698 0.05769205093383789
1 0.4423080086708069 0.47115398943424225 0.028846025466918945 0.07692298293113708
1 0.4831730127334595 0.5048080235719681 0.014423012733459473 0.03846201300621033
1 0.564903974533081 0.26682697981595993 0.014423012733459473 0.03846199810504913
1 0.560096025466919 0.6514419913291931 0.019230961799621582 0.033653974533081055
1 0.5192310214042664 0.3377400040626526 0.019230961799621582 0.04086500406265259
