4 0.5246370939059493 0.7576492131541317 0.14581165708232635 0.11607631069361346
4 0.5671924604139376 0.6971292316155246 0.07363537910104367 0.08292736524136757
4 0.4920043437537792 0.6490569517471835 0.07674085421927312 0.06559028652722376
4 0.4111122139782555 0.6206049920019329 0.030324267923175052 0.02660793427619712
4 0.5193986313925929 0.5806681848636644 0.024255258207524943 0.029830150365770747
4 0.6106697405798227 0.7813368794858673 0.14806871663237486 0.06258060090478701
4 0.7639369176168809 0.7859918212971061 0.0614010119820273 0.035382736534934844
4 0.822067412490655 0.7762384762857772 0.022396699696256794 0.03168870887703845
4 0.6907619464287931 0.8001320678220126 0.0279715626884941 0.026113810593242137
4 0.38435589770745493 0.7797422364972207 0.11165253952098564 0.08191721617273018
4 0.2591192683840744 0.7974483545330842 0.04443933269092268 0.029572431351895467
4 0.20406772008442103 0.7107586867852174 0.09069299782465229 0.142729433516549
4 0.14705443440863925 0.7141352554636327 0.06855478360292182 0.09085591898702072
