4 0.415865 0.600962 0.173077 0.139423
4 0.206731 0.520433 0.173077 0.060096
4 0.305288 0.473558 0.081731 0.038462
4 0.423077 0.336538 0.076923 0.086538
4 0.421875 0.408654 0.079327 0.072115
4 0.513221 0.406250 0.064904 0.096154
4 0.567308 0.468750 0.110577 0.067308
4 0.564904 0.616587 0.096154 0.103365
4 0.679087 0.572115 0.050481 0.038462
4 0.764423 0.604567 0.028846 0.060096
4 0.689904 0.620192 0.033654 0.028846
4 0.387019 0.729567 0.072115 0.069712
4 0.275240 0.842548 0.050481 0.031250
4 0.606971 0.710337 0.031250 0.021635
4 0.502404 0.743990 0.110577 0.127404
