4 0.4150166788562757 0.3861681795245504 0.07478187164915501 0.11889361962610195
4 0.37428860524743657 0.22562832950880513 0.06250120769526257 0.07784446780260043
4 0.4296276321648813 0.28251542911998156 0.034431685741729556 0.04977489829415327
4 0.3789060306100995 0.2790860661580403 0.043437209491997586 0.04919045053874538
4 0.1503632506437384 0.20673119506975524 0.025706946097297595 0.027624122453912575
4 0.49991215051576987 0.058475418350845854 0.05007940752922252 0.048161375184156134
4 0.4185749890490449 0.017476669095099047 0.04121471546677591 0.034953338190198094
4 0.39074762295846294 0.11865402611596898 0.039741273568930646 0.04165930591399704
4 0.4326491522673662 0.17545889707150428 0.11770022299910082 0.05632808611311518
4 0.4850289628329396 0.2415728967727918 0.049190517381836774 0.043437264446360646
4 0.500206789468867 0.2909032448525468 0.07281486666951387 0.047882443490037396
4 0.4979796060574937 0.42623935076480857 0.0845119719218968 0.09793643880554465
4 0.6338624583770006 0.4970584913596313 0.10235683409762597 0.07167036143786443
4 0.640150103630724 0.5936367490400731 0.0790624902534105 0.11742018875007221
4 0.5164944809254303 0.6853332408532959 0.04446635444513225 0.04254832210006587
4 0.49052760785490473 0.7648346070750067 0.03693421401597974 0.038852198806132
