4 0.3174874765053144 0.20102679074390745 0.11381887505861638 0.142396432989758
4 0.4577078807114251 0.44572862797307283 0.24458187922614005 0.23124652008664615
4 0.3100420838769281 0.46074162168556637 0.126985832101644 0.151752899384051
4 0.5204099235886576 0.20595911100706607 0.06549970343867634 0.09217199242577973
4 0.43841276274594526 0.2695111454500986 0.14350848962248264 0.15493932383757197
4 0.6422034708444809 0.4566628942919029 0.15542818652511348 0.2049622266112437
4 0.7077596353584668 0.8981497457684517 0.10429324509494275 0.1519220280468705
4 0.5366337915744337 0.9261159352300314 0.1349778460551766 0.14776812953993723
4 0.6345888529226584 0.9122608637979015 0.07124816415819257 0.14554922428738792
4 0.6857671379930766 0.7714163355401349 0.22020359976030046 0.14018667374981353
4 0.1850179671630738 0.7137532048151716 0.1315888788314062 0.10491745196229108
4 0.3359201017307902 0.8107305880276552 0.11879230627625248 0.10926677643470761
4 0.44565181608972265 0.6561455935620072 0.16470123945861126 0.22947676974626163
4 0.8285611166636571 0.4709104959380399 0.26263903629403984 0.2188208384695305
4 0.7163863324404841 0.2954679815689915 0.1193148673352531 0.22981378172260267
4 0.5199471227221312 0.10200289036808884 0.18744476610599808 0.15886802305350292
