4 0.6163354193117435 0.3776604828154242 0.17163132191483244 0.2028997130504952
4 0.45248833917218156 0.4355717673873001 0.1321344541417901 0.11374110582612423
4 0.41552337142209866 0.6058854548100603 0.06584792604318912 0.09711563308573978
4 0.5698577786157704 0.6541410846297974 0.1589757526215384 0.17552893607266196
4 0.44709312476446716 0.7947639300385992 0.0783944426662439 0.14460863586937633
4 0.165805295955537 0.725103212539711 0.06759645180181242 0.06391840238310054
4 0.21704084855813038 0.7780408729332657 0.03501788908023459 0.04789297750643884
4 0.32779864007393983 0.9250701315109097 0.05585087709513481 0.06136913698459634
4 0.10961825276536866 0.8309797677469688 0.03767706823402449 0.039516457793039916
4 0.8270271675872527 0.8292586485651362 0.1433514114354285 0.16542276356359875
