4 0.622596 0.171875 0.091346 0.127404
4 0.531250 0.438702 0.211538 0.194712
4 0.679087 0.425481 0.103365 0.134615
4 0.424279 0.215144 0.050481 0.084135
4 0.516827 0.262019 0.120192 0.134615
4 0.352163 0.484375 0.122596 0.185096
4 0.371394 0.930288 0.079327 0.139423
4 0.545673 0.930288 0.110577 0.139423
4 0.445913 0.930288 0.045673 0.139423
4 0.368990 0.801683 0.204327 0.103365
4 0.849760 0.650240 0.117788 0.084135
4 0.719952 0.774038 0.103365 0.091346
4 0.582933 0.643029 0.127404 0.209135
4 0.171875 0.533654 0.233173 0.177885
4 0.248798 0.340144 0.079327 0.218750
4 0.405048 0.112981 0.165865 0.129808
