4 0.3884361239146098 0.4120605334438739 0.06352178276339204 0.11445460314597133
4 0.3075213128662081 0.2675454381217364 0.05562680396682751 0.07334261771192396
4 0.37570484612524946 0.30816016198703916 0.029832569739159154 0.0475483285758469
4 0.32582556991308925 0.3179835625773548 0.03923824884077709 0.04588112304754899
4 0.08634161683237628 0.3072846905905643 0.023397241477359332 0.025610873978710813
4 0.38557011591342605 0.07356153369339943 0.04624606118182545 0.044031440329115254
4 0.2960760843615178 0.05385470936294286 0.03832595029049701 0.03389681840189431
4 0.2957148413728904 0.15995822660813733 0.03629386215337388 0.03850848300608406
4 0.35089802478664534 0.20397353975054017 0.1153919963626861 0.044529784642067693
4 0.4186128620028643 0.25426674338848887 0.04588118587344875 0.03923829793957462
4 0.44604833251660003 0.2979833834783904 0.06985074721885792 0.04106298228679561
4 0.4789461701015026 0.4292790581660213 0.07607952241132498 0.09157983676917031
4 0.6285337270425002 0.46249145099607775 0.09767616513750998 0.062244592555725675
4 0.659618476022081 0.5541464166024372 0.06813350680027108 0.1124225195331286
4 0.563928924675521 0.6747385780416468 0.0410879955161807 0.03887337466347052
4 0.5594370387432434 0.7582524612524688 0.033714345118996736 0.03592891106329821
