4 0.5288459956645966 0.7572119981050491 0.12980800867080688 0.09134599566459656
4 0.4747599959373474 0.706730991601944 0.060096025466918945 0.07211500406265259
4 0.5384620130062103 0.644230991601944 0.06730800867080688 0.05288499593734741
4 0.6117790043354034 0.5997599959373474 0.026441991329193115 0.021634995937347412
4 0.49759605526924133 0.5829330086708069 0.019231021404266357 0.026441991329193115
4 0.44951897859573364 0.7980770021677017 0.14423096179962158 0.03365400433540344
4 0.30048102140426636 0.8341349959373474 0.05769205093383789 0.024037986993789673
4 0.24158698320388794 0.8365380018949509 0.016826987266540527 0.028845995664596558
4 0.375 0.8329329937696457 0.024037957191467285 0.021634995937347412
4 0.6706730127334595 0.75 0.10096192359924316 0.0625
4 0.796875 0.7415870130062103 0.04086494445800781 0.021634995937347412
4 0.8329329788684845 0.6454330086708069 0.06490403413772583 0.13221198320388794
4 0.8894229829311371 0.637019008398056 0.05288499593734741 0.08173102140426636
