4 0.3321450714607337 0.38711866309853843 0.17973711012952226 0.19472384387431863
4 0.19803978222389462 0.3912423387917505 0.05529137099457329 0.04967104391501592
4 0.23596230339688234 0.4386909228679552 0.05909195541780454 0.05721849757460534
4 0.4150304221132146 0.582402492710279 0.12744218473667274 0.08248268025288086
4 0.5230985578617006 0.6608950316492791 0.03356004810544877 0.0316866250997796
4 0.8578147010786932 0.6598994442908099 0.09869966124294438 0.0743464627703595
4 0.8204274402389751 0.6270630209547996 0.045871466479504464 0.047744053384457086
4 0.8578961551984108 0.7322652364126179 0.12647854231331246 0.07777214536814248
4 0.8966976956346491 0.4961406189194061 0.044908097467933894 0.043034581562185314
4 0.9465559673840187 0.46999305468746155 0.03639703124837257 0.034523608242703396
4 0.973974126557008 0.5419831137464821 0.05205174688598402 0.06663848337724398
4 0.9978730980936512 0.5790750821376286 0.004253803812697465 0.047690449015696856
4 0.7865174561444381 0.5272672826351747 0.03447007820883685 0.025103613481048392
4 0.8324414634866268 0.5178730730018635 0.027404352195157466 0.023658249384456043
