4 0.5841349959373474 0.6009619832038879 0.17307698726654053 0.13942301273345947
4 0.7932689785957336 0.5204330086708069 0.17307698726654053 0.060096025466918945
4 0.6947120130062103 0.4735580086708069 0.08173102140426636 0.03846198320388794
4 0.5769230127334595 0.3365379869937897 0.07692301273345947 0.08653801679611206
4 0.578125 0.40865400433540344 0.07932698726654053 0.07211500406265259
4 0.48677897453308105 0.40625 0.06490397453308105 0.09615397453308105
4 0.4326919913291931 0.4687499850988388 0.11057698726654053 0.0673079788684845
4 0.43509602546691895 0.6165869832038879 0.09615397453308105 0.10336494445800781
4 0.32091301679611206 0.5721150040626526 0.05048096179962158 0.038462042808532715
4 0.23557698726654053 0.6045669913291931 0.028846025466918945 0.060096025466918945
4 0.31009602546691895 0.6201919913291931 0.033653974533081055 0.028846025466918945
4 0.612980991601944 0.7295669913291931 0.07211500406265259 0.06971204280853271
4 0.7247599959373474 0.8425480127334595 0.05048096179962158 0.03125
4 0.39302897453308105 0.7103369832038879 0.03125 0.021635055541992188
4 0.49759602546691895 0.7439900040626526 0.11057698726654053 0.12740397453308105
