4 0.6609361935606264 0.3774560696819298 0.17149978561332402 0.18779337829269677
4 0.7950522257122954 0.37369719582069627 0.053410619242744706 0.04730018742091774
4 0.7599815927342817 0.42329091789647166 0.05681803044405498 0.05478118616965355
4 0.5896620829356667 0.5772703750137378 0.12515086742824544 0.07627074589907945
4 0.4863899907822987 0.6619738319414803 0.03232029765380512 0.03028350388009249
4 0.152193049820133 0.6806364248957666 0.09625682473491251 0.06977991969592823
4 0.18758744183350634 0.6456610766544343 0.04389382965422908 0.045929714415546385
4 0.15636147289085187 0.7528821081806095 0.12446557546936594 0.07151176539139725
4 0.10376029882124296 0.5194436558788531 0.043208690613000866 0.041171795837910974
4 0.05245253907318172 0.49626918357131433 0.03504236639554718 0.03300557262183429
4 0.02696387556270822 0.5700084516423679 0.05392775112541644 0.06429807675954646
4 0.004332001986695507 0.6090669704878521 0.008664003973391014 0.04659605925457799
4 0.2155783212507909 0.544046180711478 0.03367193539543947 0.023488673536516402
4 0.1691818895618813 0.5373651065810447 0.02653352363002978 0.02246074409362231
