4 0.3509620130062103 0.4783650040626526 0.1971150040626526 0.09134602546691895
4 0.6237980276346207 0.4050480127334595 0.2716350257396698 0.2572120428085327
4 0.5877399891614914 0.668269008398056 0.23798099160194397 0.13942301273345947
4 0.640625 0.7704329937696457 0.18509602546691895 0.05528798699378967
4 0.783653974533081 0.7620189860463142 0.033653974533081055 0.05769200623035431
4 0.794471025466919 0.5769230127334595 0.12740397453308105 0.06730800867080688
4 0.8245189785957336 0.19110602140426636 0.08653795719146729 0.055287957191467285
4 0.2908650040626526 0.375 0.10096198320388794 0.07211494445800781
4 0.14783699810504913 0.044471025466918945 0.036058008670806885 0.05048096179962158
4 0.9459130167961121 0.9783649994060397 0.06971204280853271 0.03846200369298458
4 0.6959130167961121 0.8197119981050491 0.10817301273345947 0.04326900839805603
4 0.44951900839805603 0.6141830086708069 0.03846198320388794 0.05528801679611206
4 0.9266830086708069 0.5216349959373474 0.03605794906616211 0.03846198320388794
4 0.4519230127334595 0.35216301679611206 0.0625 0.09855794906616211
