4 0.5274074673762577 0.1503990386208447 0.12076088047332101 0.13223185225228604
4 0.6213504646879351 0.0618394841587465 0.1211007405426564 0.09815880883598127
4 0.74179594931348 0.23893336985352315 0.2749207505764354 0.23668478041867302
4 0.6155160699545505 0.2210089506911288 0.06307785170410452 0.08028393013239718
4 0.758113836777103 0.3974270529995164 0.10468432138506367 0.08365436447369223
4 0.6629343031737716 0.4796332166900852 0.1117691020007312 0.08500323255470299
4 0.41071062017005366 0.4291652802988322 0.16978686830203266 0.1506688506322008
4 0.2424997906224255 0.5415142898015624 0.04969903226823261 0.045875947819228435
4 0.29856888733130715 0.7161403135540318 0.0520606306861946 0.04632557144188665
4 0.3944836487230844 0.6879080543296718 0.16696286247376552 0.2912322290660936
