4 0.9148440062999725 0.0976560115814209 0.16406196355819702 0.1953120231628418
4 0.5999999642372131 0.46328097581863403 0.11874997615814209 0.1578119993209839
4 0.3515620231628418 0.44453102350234985 0.10625004768371582 0.1015620231628418
4 0.42656201124191284 0.2070310115814209 0.11249995231628418 0.0859379768371582
4 0.42031198740005493 0.08671897649765015 0.05937504768371582 0.0546879768371582
4 0.33281201124191284 0.020312249660491943 0.10625004768371582 0.04062449932098389
4 0.16093701124191284 0.390625 0.06875002384185791 0.08749997615814209
4 0.04531198740005493 0.45156198740005493 0.05312502384185791 0.05624997615814209
4 0.10859400033950806 0.23984402418136597 0.06718695163726807 0.06406199932098389
4 0.359375 0.747655987739563 0.14374995231628418 0.11093699932098389
4 0.39218801259994507 0.41328100860118866 0.7687500715255737 0.8265620172023773
