4 0.3828943620533222 0.8301243260445783 0.09345849498467607 0.12890998738057058
4 0.46977686665961527 0.5618107384415807 0.21475650359587045 0.19821350911504693
4 0.3221809571527908 0.5774959235482844 0.10559602576077659 0.13632046693053967
4 0.5804620370300164 0.7835532930114373 0.05187742260453976 0.08496536008631417
4 0.4871450259309995 0.7382285656801009 0.12242079105891807 0.13660115360883973
4 0.6480771088334356 0.5131568115781439 0.12566648618751264 0.18711525132282092
4 0.6214106545794017 0.06899501998675095 0.08164161359911715 0.1379900399735019
4 0.44715586811532604 0.07057887911946706 0.11288726574508323 0.14115775823893412
4 0.5469019843118498 0.0694761897637469 0.04799232138824161 0.1389523795274938
4 0.6259595067516488 0.19617363607636798 0.20602275101355183 0.10675886531559253
4 0.14778256924171868 0.3556151148877611 0.1191749946339904 0.08608812664070692
4 0.27550748913916334 0.22966904742622657 0.10487427208952543 0.09305750840530605
4 0.414692717005193 0.3583742998208984 0.1308747523995798 0.21123113641832253
4 0.8275179779044566 0.46087736231775855 0.23610780473766424 0.1817497482962987
4 0.7538335650890173 0.655643543601094 0.08296489704190735 0.2200427898624453
4 0.6013944958758798 0.8853812958438998 0.16800714610940104 0.13255666459988824
