4 0.3509620130062103 0.5216349959373474 0.1971150040626526 0.09134602546691895
4 0.6237980276346207 0.5949519872665405 0.2716350257396698 0.2572120428085327
4 0.5877399891614914 0.33173099160194397 0.23798099160194397 0.13942301273345947
4 0.640625 0.2295670062303543 0.18509602546691895 0.05528798699378967
4 0.783653974533081 0.23798101395368576 0.033653974533081055 0.05769200623035431
4 0.794471025466919 0.4230769872665405 0.12740397453308105 0.06730800867080688
4 0.8245189785957336 0.8088939785957336 0.08653795719146729 0.055287957191467285
4 0.2908650040626526 0.625 0.10096198320388794 0.07211494445800781
4 0.14783699810504913 0.955528974533081 0.036058008670806885 0.05048096179962158
4 0.9459130167961121 0.021635000593960285 0.06971204280853271 0.03846200369298458
4 0.6959130167961121 0.18028800189495087 0.10817301273345947 0.04326900839805603
4 0.44951900839805603 0.3858169913291931 0.03846198320388794 0.05528801679611206
4 0.9266830086708069 0.4783650040626526 0.03605794906616211 0.03846198320388794
4 0.4519230127334595 0.6478369832038879 0.0625 0.09855794906616211
