4 0.6143797231768785 0.4157555512134301 0.06695588220145243 0.1159215765372143
4 0.6999767196857596 0.2739635429350239 0.05774467896592361 0.07477627301934048
4 0.6305015989854243 0.3123270360764916 0.031240127225346415 0.04827166849102554
4 0.6800329901696076 0.32377617062746067 0.04053852815151793 0.04692484144570497
4 0.919738719467935 0.3209138312849221 0.024114776017916673 0.026242913663126644
4 0.6283126723573921 0.07753127686123674 0.04744631521645748 0.04531722739196898
4 0.7184032347458226 0.060761328228585806 0.039234846389335054 0.034976776315833256
4 0.7152948385729877 0.16681991930696485 0.03736657356594986 0.03949566139043831
4 0.6587019210305247 0.20900727768280877 0.11622552175923206 0.04810014851258104
4 0.5893787721330443 0.2570594008234668 0.046924905547599205 0.040538579056477564
4 0.5605284957537061 0.2998555597153095 0.07082198547117002 0.04314606083780215
4 0.5233550387859209 0.43000530688026384 0.07868736086283856 0.09358899609409482
4 0.3727614861478895 0.4583086240509878 0.09919387704983645 0.06513074173074068
4 0.3386963623048688 0.548898147048883 0.07147482652902759 0.1140533101790614
4 0.4303915384602849 0.672554745365809 0.04214620792345597 0.04001712009896752
4 0.43215019819757744 0.7561708454859628 0.034716020567699846 0.03684505560445073
