4 0.12433140422737698 0.08285441659328216 0.18149847264692254 0.16570883318656432
4 0.40384403753905435 0.4541489757153878 0.1328983765651024 0.16816226069439089
4 0.6529494586572243 0.4585620534091326 0.1152264289905982 0.11099423771852335
4 0.6003395738406698 0.21512119017148498 0.11999769838525598 0.09601843797582771
4 0.6177405416982099 0.09591022212892973 0.06419919416360664 0.059967863836712626
4 0.7110317831702592 0.037920193145455465 0.10956483193469357 0.050320288360058356
4 0.8477582686527064 0.42259982200124624 0.07658212507114115 0.09350895303278389
4 0.9572216296846235 0.49401575274096876 0.05812132627592814 0.060942428396819404
4 0.9138836716474277 0.2773341187608238 0.07284823287964015 0.07002713075874883
4 0.6170074736868942 0.7596500144226249 0.15343514679282189 0.12381271357828294
4 0.597146454571514 0.4354388763324204 0.8057070908569719 0.8708777526648408
