4 0.3337682122424326 0.3847417421851842 0.17779824020256169 0.19310637419670323
4 0.19961782447455634 0.38695686390813927 0.05485321098950113 0.049112352341455834
4 0.2368613776166552 0.43494023073773985 0.05855973095876091 0.056646095594015566
4 0.41386654798195555 0.5811851489780075 0.12692742589391276 0.08100373560435525
4 0.5208069012926462 0.6612074050511046 0.033270305353389595 0.03135670557328729
4 0.8555033262868614 0.664974475575835 0.09813906741916545 0.07326359877118893
4 0.8185870680480398 0.6316094062930739 0.04540684327099409 0.04731958901965616
4 0.8545551050118414 0.7373341009245329 0.1260309052098586 0.07627996791390557
4 0.8967124507809325 0.5017854802020887 0.044510581185045806 0.042596886512561494
4 0.9469377196661071 0.47634997858506545 0.03608034503157875 0.034166745251476505
4 0.9738178408204965 0.5487866681391079 0.0523643183590069 0.06609254634335704
4 0.997417381773685 0.5863668666118613 0.0051652364526300065 0.047440403895966377
4 0.7861004748480549 0.5313412774070241 0.03428762082102621 0.02472028616719102
4 0.8321535000695037 0.5226014551575398 0.02720204451468955 0.023375604093543112
