4 0.5018116956933727 0.24118187622620335 0.13971056092232914 0.10607313935282581
4 0.5495401084712521 0.2977117444178672 0.06821194652981266 0.07872329053550087
4 0.4788859856357097 0.3522295571489533 0.07309629914127225 0.06048247782257654
4 0.4008192198538543 0.3877067435273355 0.028817644317113977 0.024613627994513665
4 0.5122065997693264 0.4179350143412216 0.022226534446631807 0.028533002018256037
4 0.585419233660994 0.209996921120449 0.1472011582533307 0.05049470828229971
4 0.7376781985971315 0.19183917795806932 0.06013240005318432 0.030699828853761324
4 0.7964424752069186 0.19642633041993057 0.020124083197608056 0.030635453267279872
4 0.6635410969970374 0.18420942393189677 0.02643052117655198 0.024328982166959223
4 0.36012842496697534 0.23155034033678387 0.10765198654375807 0.07401459103823854
4 0.233818069773274 0.224961401801425 0.043139199453278765 0.02632136181198269
4 0.18662876173216253 0.31616962879343313 0.08010179099121997 0.1389668030701473
4 0.1295398860688099 0.3178358325872775 0.06219021164004544 0.08741785427743698
