4 0.4501744200402688 0.33869811274175754 0.1763420141484403 0.2059799839902835
4 0.5711994956481414 0.46340783018644405 0.13421226627735483 0.1167780239719105
4 0.5286019316533955 0.6324007546123378 0.0683581333557588 0.09799541154785307
4 0.3689036421359769 0.6070202231298752 0.16288653023915234 0.17857656156246282
4 0.41636080700263317 0.787557642249531 0.08244028108074186 0.14520176805942708
4 0.6992946353790261 0.8501988075596567 0.06886845055984836 0.06538219000104617
4 0.6298673091358021 0.8748427542637329 0.03621592998105094 0.04841965751744992
4 0.4652956000513365 0.9573111956723668 0.057213961429933735 0.06244447619897908
4 0.7025597250701633 0.9700160348448774 0.03852791904559383 0.04027139514986955
4 0.06713239331065109 0.649564884188512 0.13426478662130217 0.16805889530226037
