4 0.37740397453308105 0.828125 0.09134602546691895 0.12740400433540344
4 0.4687500298023224 0.5612979978322983 0.21153801679611206 0.19471201300621033
4 0.32091301679611206 0.574519008398056 0.10336494445800781 0.1346150040626526
4 0.5757209956645966 0.7848559990525246 0.05048102140426636 0.0841350108385086
4 0.4831730127334595 0.737980991601944 0.12019205093383789 0.1346150040626526
4 0.6478370428085327 0.515625 0.12259602546691895 0.18509602546691895
4 0.6286060214042664 0.06971198320388794 0.07932698726654053 0.13942301273345947
4 0.4543269872665405 0.06971198320388794 0.11057698726654053 0.13942301273345947
4 0.5540869832038879 0.06971198320388794 0.04567301273345947 0.13942301273345947
4 0.6310099959373474 0.19831699132919312 0.20432698726654053 0.10336494445800781
4 0.1502400040626526 0.3497599959373474 0.11778795719146729 0.08413505554199219
4 0.2800480127334595 0.22596198320388794 0.10336494445800781 0.09134602546691895
4 0.4170669913291931 0.35697102546691895 0.12740397453308105 0.2091350555419922
4 0.828125 0.46634601056575775 0.23317301273345947 0.1778850257396698
4 0.7512020170688629 0.659855991601944 0.0793270468711853 0.21875
4 0.5949519872665405 0.8870190009474754 0.1658649444580078 0.1298079937696457
