4 0.5484075171000982 0.15308140238164067 0.1168353853386842 0.1442016269372403
4 0.5171913697912143 0.4333782099337776 0.24877652384602056 0.23600643290568857
4 0.6586283731913155 0.38836546509087827 0.1301335184297443 0.15385078456463175
4 0.3642212089983743 0.23838820880016404 0.06754859054430473 0.093090321792522
4 0.46474055664833314 0.2640447669147239 0.14655895770626765 0.1575052960161593
4 0.35229819358348796 0.5168552490606818 0.15986907106606418 0.20730351286182108
4 0.4679137718752813 0.9356433257889882 0.1077135169788942 0.12871334842202353
4 0.6380329945083482 0.9100983954096142 0.13821762576443763 0.16011034762122933
4 0.5406540928247802 0.9293785405543102 0.0748628129717579 0.14124291889137952
4 0.43763665886066516 0.8229350870347056 0.22189884598246762 0.14527359569155462
4 0.8740409289190278 0.5706929775312224 0.13324901917380527 0.10770811350099962
4 0.7742177486121048 0.7197278719192335 0.1207363438139677 0.11161457240067629
4 0.6120166122640134 0.6216036597314019 0.16978306797477738 0.23181295925512113
4 0.18701584869257903 0.6041130405640511 0.2662406542588981 0.2242797830965405
4 0.22007622737779858 0.39851568857672187 0.12494181387929501 0.23075703578070017
4 0.3232614297981213 0.14284028113007644 0.19009780570492985 0.1627322992077675
