4 0.39167277333864703 0.8331081101521627 0.09675695519872846 0.13122589709704968
4 0.47142339660558913 0.5625889999444209 0.21974059933911738 0.20365609973001797
4 0.32429433081766584 0.5821751056153099 0.10907575458004592 0.1389486571284756
4 0.5879386443682388 0.781324375423329 0.054063450993933615 0.08623434472834357
4 0.4934547154647956 0.7384853436055685 0.12588719704781043 0.1396745458954144
4 0.648373456562462 0.5092330514500425 0.13046658721500837 0.1902122783560054
4 0.6099245134368281 0.06796116727131135 0.08526758200700735 0.1359223345426227
4 0.43580771207514846 0.07208277475491248 0.1164884920233698 0.14406330367443992
4 0.5354748434797117 0.0692055289140773 0.05164493526811853 0.1384110578281546
4 0.6178740210077946 0.19294630448791544 0.2085957468779398 0.11208299445229614
4 0.14408452581419195 0.3649878197571398 0.12130773406441228 0.08913788017724605
4 0.2684312924919481 0.23570538209207342 0.10720921468712591 0.09571995673688174
4 0.410974199155396 0.36068173749592697 0.13630705783629343 0.2144363365975449
4 0.8263677872800362 0.4522226616922509 0.24062957207829405 0.187778068162479
4 0.7578640559863228 0.6488708166861077 0.08868965407237628 0.22196838520197415
4 0.6115588481719834 0.8825626881633749 0.1713102095034298 0.1368422504744211
