4 0.6070290705173886 0.6305590491523976 0.16052641093585018 0.19528252103648636
4 0.4478814974256994 0.5607619680526104 0.12701483499267535 0.10656986753640263
4 0.42353421397699287 0.3881920669893872 0.06003098359185205 0.09478633329469843
4 0.5809978934544606 0.3514102141467317 0.14969193973953987 0.16809148783420041
4 0.4689007643392705 0.20214475085990702 0.0691278794619255 0.14272769402251925
4 0.18325379539432896 0.2509429816789599 0.06451448884979583 0.06042618478587075
4 0.23824158443098192 0.20191420650256992 0.03222755737590435 0.04653875071345373
4 0.3595061666263615 0.0634230791177036 0.05261331581001133 0.0587470899287347
4 0.1350004277334465 0.14122315086249768 0.035645104534276634 0.03768966211172704
4 0.8503425165784693 0.195667702876369 0.13440295655203782 0.1589361773790498
