4 0.6500873148795002 0.5124174284226578 0.2023653386458839 0.10330941259291815
4 0.3822832266506037 0.6023942826276248 0.28695664928063513 0.2734490509114837
4 0.4020658632814183 0.33745255349478576 0.24611394063621017 0.15381136719504523
4 0.3429908001092843 0.2387386253310863 0.1881490102191224 0.06657975966200799
4 0.20075126409882538 0.2559432025558366 0.03714231517252442 0.059654676754127
4 0.20135140606327362 0.44135401064738444 0.13130651334872814 0.07502477904846805
4 0.19511586282256 0.8282890805054102 0.08977793783952501 0.06051134445597095
4 0.7164346561827539 0.6118860408128175 0.10521072193585324 0.07819452040880648
4 0.879542498113981 0.932981417814838 0.0390977919584381 0.05260533450599292
4 0.030726633938009947 0.04999823138753009 0.061453267876019894 0.0426813156868865
4 0.2847734923401083 0.192957295668822 0.11063191759801877 0.049847306274860725
4 0.5433547729899529 0.3829254355497201 0.04179318377847774 0.057551285647330475
4 0.07279444922509554 0.5046776409322878 0.03835770380932412 0.04060915627617234
4 0.5570883399379098 0.6445963061443389 0.06844979464583412 0.10221918131989094
