4 0.6418269872665405 0.35576900839805603 0.14903807640075684 0.16826897859573364
4 0.7740380167961121 0.3329330086708069 0.04807698726654053 0.04086500406265259
4 0.746394008398056 0.38701900839805603 0.05048102140426636 0.04807698726654053
4 0.5997599959373474 0.5637019872665405 0.11778795719146729 0.060096025466918945
4 0.5096150040626526 0.6622599959373474 0.028846025466918945 0.02644205093383789
4 0.1814900040626526 0.7283650040626526 0.08894205093383789 0.05769205093383789
4 0.21153801679611206 0.6887019872665405 0.038462042808532715 0.04086494445800781
4 0.19591301679611206 0.799278974533081 0.11778795719146729 0.055287957191467285
4 0.11057698726654053 0.575721025466919 0.038462042808532715 0.03605794906616211
4 0.05649000406265259 0.560096025466919 0.03125 0.028846025466918945
4 0.03966301679611206 0.6370189785957336 0.05048096179962158 0.05769205093383789
4 0.013221025466918945 0.6802880167961121 0.02644205093383789 0.04326903820037842
4 0.2247599959373474 0.5841349959373474 0.03125 0.019230961799621582
4 0.1778849959373474 0.5841349959373474 0.024037957191467285 0.019230961799621582
