4 0.3581730127334595 0.644230991601944 0.14903801679611206 0.16826897859573364
4 0.22596200555562973 0.6670669913291931 0.04807700216770172 0.04086500406265259
4 0.25360599905252457 0.612980991601944 0.050481006503105164 0.04807698726654053
4 0.4002400040626526 0.4362980127334595 0.11778801679611206 0.060096025466918945
4 0.4903849959373474 0.3377400040626526 0.028846025466918945 0.02644205093383789
4 0.8185099959373474 0.2716349959373474 0.08894205093383789 0.05769205093383789
4 0.7884619832038879 0.3112980127334595 0.038462042808532715 0.04086494445800781
4 0.8040869832038879 0.20072102546691895 0.11778795719146729 0.055287957191467285
4 0.8894230127334595 0.42427897453308105 0.038462042808532715 0.03605794906616211
4 0.9435099959373474 0.43990397453308105 0.03125 0.028846025466918945
4 0.9603369832038879 0.36298102140426636 0.05048096179962158 0.05769205093383789
4 0.986778974533081 0.31971198320388794 0.02644205093383789 0.04326903820037842
4 0.7752400040626526 0.4158650040626526 0.03125 0.019230961799621582
4 0.8221150040626526 0.4158650040626526 0.024037957191467285 0.019230961799621582
