4 0.6060278159372986 0.8338471256920624 0.09760513871817156 0.131814141696313
4 0.5281443774375025 0.5627845532402795 0.22101374698130766 0.2050505728846495
4 0.6751348813583762 0.583384671836535 0.10996974505427604 0.13961736856588536
4 0.41012366795296834 0.7807113362841291 0.054626735324558195 0.08655502029531059
4 0.5049007478906725 0.7385248059131553 0.126775752993244 0.14045915626563843
4 0.3515664369083991 0.5082097739024992 0.1317021000019133 0.19099723392863943
4 0.39308052783740155 0.06771276982069949 0.08620240955109693 0.13542553964139897
4 0.5671413220731275 0.07253556363042957 0.1174132822583922 0.14478014535142758
4 0.4675062032047329 0.0691558133634805 0.05259057226320735 0.138311626726961
4 0.38424596715897597 0.19214084285632646 0.2092420672522744 0.11345714165470949
4 0.8568379447239745 0.3674451253857147 0.12184940012640244 0.0899221471611455
4 0.7333855578241848 0.2373083694687996 0.10780518048554655 0.09640256590584945
4 0.5899843070174037 0.3612988969987098 0.13770660048453953 0.2152466867949312
4 0.1739694074936667 0.449973437704679 0.24177989341311273 0.1893269629882699
4 0.24111559989289133 0.6470892631203422 0.0901708340310684 0.22244450515691516
4 0.3858059707176701 0.8817843771771099 0.17215107554121167 0.13794299147207245
