4 0.350962 0.521635 0.197115 0.091346
4 0.623798 0.594952 0.271635 0.257212
4 0.587740 0.331731 0.237981 0.139423
4 0.640625 0.229567 0.185096 0.055288
4 0.783654 0.237981 0.033654 0.057692
4 0.794471 0.423077 0.127404 0.067308
4 0.824519 0.808894 0.086538 0.055288
4 0.290865 0.625000 0.100962 0.072115
4 0.147837 0.955529 0.036058 0.050481
4 0.945913 0.021635 0.069712 0.038462
4 0.695913 0.180288 0.108173 0.043269
4 0.449519 0.385817 0.038462 0.055288
4 0.926683 0.478365 0.036058 0.038462
4 0.451923 0.647837 0.062500 0.098558
