4 0.6802880167961121 0.4375 0.10096204280853271 0.09134602546691895
4 0.6526439785957336 0.3533650040626526 0.16586506366729736 0.07692301273345947
4 0.5156249850988388 0.26923102140426636 0.0985579788684845 0.0625
4 0.6286060214042664 0.26802897453308105 0.05048096179962158 0.055287957191467285
4 0.6887019872665405 0.2704330086708069 0.05048096179962158 0.055287957191467285
4 0.7355769872665405 0.26923102140426636 0.024037957191467285 0.033653974533081055
4 0.5252400040626526 0.21033698320388794 0.060096025466918945 0.055287957191467285
4 0.6021630167961121 0.23317301273345947 0.05048096179962158 0.038462042808532715
4 0.6634619832038879 0.2247599959373474 0.04807698726654053 0.055287957191467285
4 0.6153849959373474 0.19951897859573364 0.028846025466918945 0.024037957191467285
4 0.6454330086708069 0.3341349959373474 0.3245190382003784 0.30288493633270264
