4 0.5087840042944182 0.14943639274196488 0.11037742555236835 0.1235262267895117
4 0.4244725542135016 0.05166287477477546 0.11450666519857533 0.08820907630899578
4 0.28640981676907695 0.21539448334962835 0.2584159829426312 0.2145873360414423
4 0.41386477911726127 0.2105856055140114 0.056410963495560795 0.07613373064064147
4 0.25383749548479334 0.3713610340411512 0.09911695339260396 0.07501099892060542
4 0.3400339544588068 0.4629425137518957 0.10630305019869407 0.0756222060586601
4 0.5961168881814347 0.4387489210554051 0.15909535470087366 0.13718099389233407
4 0.7518475574762071 0.5678424515096991 0.04637295995073509 0.04199064204508618
4 0.678072571311263 0.735756840072092 0.048768285959290836 0.04219437439018303
4 0.5855798547638853 0.6977858076995128 0.14058840822509444 0.28303438891382315
