4 0.3405532061379202 0.3951823539313222 0.12028556954604203 0.1133223437325171
4 0.3879921499348816 0.3203997556825975 0.17966718040082302 0.11526176566740698
4 0.5414636487831253 0.2724495046441168 0.11087856067365265 0.08476799610200703
4 0.43222983476298893 0.24356819600260815 0.06250142160706862 0.06598230077033138
4 0.373380456278427 0.2311563006986771 0.06250142160706867 0.06598230077033129
4 0.3282326674605054 0.2184918795417001 0.031559277223433935 0.03852250303695898
4 0.5465900661267278 0.21299636440836756 0.07182268069973052 0.0683410246315857
4 0.466415535172104 0.21626419532099042 0.058373764514434434 0.04967053073310146
4 0.40905350579594696 0.1930706677729394 0.060170904592269925 0.06539256862822271
4 0.4618534312211654 0.18039496123807042 0.03386146900736153 0.03037981293921671
4 0.3997001949247231 0.3035263155391842 0.38890516916989615 0.373239313834391
