4 0.6966374006349734 0.2101215189828565 0.11885669493453521 0.14537642184154204
4 0.5448456278372462 0.44781881784772115 0.2515468273789422 0.23917175120724332
4 0.6916217550858236 0.46989463264585773 0.13223887337469464 0.15522249787471343
4 0.4937118471820301 0.20531870009315556 0.06892705064254473 0.09367870442720702
4 0.5725676052930706 0.2727291417101051 0.14858972052479913 0.15919745785564776
4 0.36003797933610393 0.44989455307775883 0.16285051887801605 0.2088176802026514
4 0.2733893633280615 0.887730444795594 0.11001699080773036 0.15421608996944647
4 0.44273603100248604 0.9240501445921578 0.14038257262297327 0.15189971081568443
4 0.3457993518508483 0.9053336187446666 0.0773154702607744 0.1462662122477273
4 0.30143298982156774 0.7621972525122493 0.22296153561808954 0.14870651946697622
4 0.8043710044521137 0.7286097225133927 0.13432911769472777 0.10957826394811165
4 0.6489926754826613 0.8182403085791696 0.12201770057854744 0.1131780911671697
4 0.546799008162327 0.6585718270002565 0.17320099306878273 0.2333121256443581
4 0.1732115133180774 0.4551905238006819 0.2685946058918944 0.22793170229228105
4 0.29366918929060426 0.28532820283952925 0.12875596093331582 0.23129802091343524
4 0.4991584759467581 0.101504229862455 0.19183456354612832 0.16531554900176532
