4 0.6503432315432294 0.508792459582448 0.20421342961339572 0.10789065930707831
4 0.38478809887929455 0.6052047797524992 0.29266387860280596 0.27952898251989966
4 0.39817237914726156 0.3398628614853809 0.24904639942469542 0.1592906429089132
4 0.33673271392213444 0.24260305355155892 0.18915072670217808 0.07093582059486722
4 0.19494970555529328 0.2632346220910875 0.03847087457301543 0.060362074020466866
4 0.2000233228633434 0.44857697109678496 0.13269995947778535 0.07797115342385591
4 0.20312568556143928 0.8355498456386985 0.09095471229336455 0.062495644123882976
4 0.719071266977647 0.6066312642264116 0.10676681121034814 0.08049604197996973
4 0.8898791131506287 0.9236976435813959 0.04024855035683017 0.053383392158371845
4 0.02556725340915378 0.061578624687768445 0.05113450681830756 0.04429059254667163
4 0.27742772870085664 0.19823973765385025 0.11148103260365566 0.0523735931203414
4 0.5405173393411903 0.38191344193794147 0.04305535213709 0.05837865572182899
4 0.07303168521812257 0.5149840284938512 0.03921923030029049 0.041408560585324106
4 0.560560584775813 0.6431767644524254 0.07071054069195537 0.10354816086877472
