4 0.375736140738958 0.8279184269704316 0.1265715814308181 0.13693708295947304
4 0.4229545396189488 0.9480787541905138 0.12455215756377558 0.10382116521560236
4 0.6074095203735912 0.8392407130837325 0.28371106307190896 0.2491599356908215
4 0.4855402944912668 0.8016138009587928 0.0668864341550543 0.08243434375567504
4 0.6897450889092647 0.7028318599899344 0.10758523747972626 0.0885819607990096
4 0.6386993527396947 0.5878913110762678 0.11456890709118817 0.09038249411723787
4 0.3890319205515249 0.5260045420854962 0.17552570987687216 0.15825011673620354
4 0.2847770828207299 0.3526606298097218 0.05150115638903985 0.04804650682107575
4 0.4099479375784846 0.21860747282876486 0.053829051069296585 0.048646685833875686
4 0.4846709689255212 0.28503917083553565 0.18247355164320433 0.29476694179344665
