4 0.16312034389552105 0.9294506532678349 0.1961111277876112 0.14109869346433013
4 0.40810106493590537 0.5538783006304412 0.14486477155571487 0.17637679100053405
4 0.6559242913231038 0.5282534192018139 0.12258338694610282 0.11880147531178437
4 0.6242509199668089 0.7752919818215562 0.12596215287046364 0.10453414121060522
4 0.6517473156714473 0.8925864693615777 0.06813573041370813 0.06435458812519335
4 0.7496409064948676 0.9424156181863081 0.11177197120252802 0.058830689910919665
4 0.85308904885894 0.5474839398792453 0.08318341846442223 0.09830933397363795
4 0.9560684282497459 0.466999717872015 0.06226198642225733 0.0647829402843847
4 0.9313529327383905 0.6865862689009143 0.07748682369593118 0.07496586983380382
4 0.5944554272847695 0.2313235195542599 0.16115166720973328 0.13468088231159078
4 0.5849432508765706 0.5456479225398407 0.8301134982468586 0.9087041549203185
