4 0.34974510761045685 0.48980873269034436 0.21191689092250388 0.1307562408033217
4 0.6010613156933708 0.618863122970972 0.31965179273725264 0.30858447709432585
4 0.6211645795951689 0.3539455254473535 0.2619795146009342 0.18635214497328167
4 0.6943518555640381 0.2651878389371017 0.19258374310549375 0.09297698757991904
4 0.8324128571228646 0.30349244610812937 0.045033913887372434 0.0634792303311762
4 0.8040626281449785 0.48672397299266884 0.1387096358887261 0.09259566444191203
4 0.752301943230572 0.8702320717112405 0.09622969779017965 0.07225035762921905
4 0.2692545413620273 0.5782239083890977 0.11386985089017904 0.09173439633901526
4 0.059915331037716915 0.8712827907231647 0.04586771634761814 0.05693500912206417
4 0.9992098806946996 0.1261073357112521 0.0015802386106008592 0.05226221636750608
4 0.7587667745225235 0.22863782819691664 0.11485336873624952 0.06505000240770265
4 0.4746604023482363 0.37775436705926946 0.049228847220355476 0.06214011707852152
4 0.9216910084603698 0.568579561979188 0.04334008650398202 0.04518479537908904
4 0.42190827012341703 0.6344204301151299 0.08182890400590664 0.10949757044315755
