4 0.11157622133227313 0.9126158281482535 0.1761479355258349 0.17476834370349292
4 0.4025369119791205 0.543002697801105 0.12854334920565957 0.1650427909909491
4 0.651664350443242 0.5459191150375864 0.11249235712544758 0.10811188053378895
4 0.5919162727429118 0.7877070822431889 0.11773624532865123 0.09291681204786573
4 0.6058030485714487 0.9073783237388392 0.06273196064021802 0.058352375159089975
4 0.6973481084481141 0.9680874763361051 0.10861797060754175 0.047297647486854166
4 0.8453310097721035 0.5875962023169166 0.07417414451521331 0.09169404588315322
4 0.9568477448660175 0.5194311059272068 0.056593893423569686 0.059513839855287354
4 0.9071547204473583 0.7347441627427789 0.07112405637467245 0.06820410994295456
4 0.6245946015455444 0.24390418950329223 0.15051244843746414 0.11985211979389587
4 0.6016169168069854 0.5714028072281032 0.7967661663860293 0.8571943855437936
