4 0.4125691731520548 0.611962934679549 0.07263032822397708 0.11813113090653171
4 0.3683707296696419 0.7715822224135098 0.0612038151319485 0.07703022606936893
4 0.4249298662758136 0.7159080446584141 0.033556626964804104 0.04938298884983239
4 0.37414584586880417 0.7182371358775888 0.04264979062912555 0.04858419807518832
4 0.1440883657171551 0.7856210024275905 0.025275552333591828 0.027253099520241242
4 0.49034147074707246 0.9414189356276674 0.04937054337110963 0.0473921132414028
4 0.4081084245930416 0.9817469102623512 0.04068385503053362 0.03650617947529766
4 0.3825070533805418 0.8788881644779412 0.03909870007089117 0.041077130200598
4 0.42563006725912433 0.8230049183595607 0.11735729964070213 0.054052587886469716
4 0.47943068956819673 0.7580418630854763 0.04858426418918527 0.04264984448002451
4 0.4956742584703555 0.7090521077035512 0.07229941785521432 0.046581886369493675
4 0.49638120926147955 0.5736995232065354 0.08292805236412176 0.0967752483335621
4 0.6337672441446178 0.5058424848968409 0.10153078176385855 0.06987800894140977
4 0.6421468890681863 0.40942321353275407 0.07698042435055108 0.11654598569637764
4 0.5205079783194692 0.31506784787000025 0.0438419440142801 0.04186351388457332
4 0.49627051656369253 0.235022290992578 0.036333876507720464 0.038312257585035175
