4 0.3118282193833033 0.5316449044842445 0.1147481399700887 0.10686533808139126
4 0.3250943213897594 0.6192057457716359 0.17634846720114092 0.10343755801924992
4 0.44621222849562586 0.7249563018537409 0.1075799967011325 0.07802122419650614
4 0.3346048154344184 0.7073511473807795 0.058973122522119725 0.06291369282348769
4 0.2757456549245036 0.6949857231210521 0.05897312252211975 0.06291369282348758
4 0.22932359103413807 0.6883749453644075 0.029300339143936788 0.03718314103263409
4 0.42693616288908054 0.7814309805460949 0.06845427376708885 0.06451282396138813
4 0.35488246298335857 0.7461195310917947 0.05617471737947721 0.04632211895361393
4 0.2930380166676029 0.7442204275741031 0.056602629000093885 0.06251387534296005
4 0.3362474539910729 0.7771058375191815 0.03244215398858247 0.028500704182881864
4 0.32900661911419765 0.6393672245436124 0.3703737114141582 0.35263899515852276
