4 0.47115400433540344 0.24278800189495087 0.12980800867080688 0.09134599566459656
4 0.5252400040626526 0.29326900839805603 0.060096025466918945 0.07211500406265259
4 0.4615379869937897 0.35576900839805603 0.06730800867080688 0.05288499593734741
4 0.38822099566459656 0.4002400040626526 0.026441991329193115 0.021634995937347412
4 0.5024039596319199 0.4170669913291931 0.01923099160194397 0.026441991329193115
4 0.5504810065031052 0.20192299783229828 0.14423099160194397 0.03365400433540344
4 0.6995189785957336 0.1658650040626526 0.05769205093383789 0.024037986993789673
4 0.7584130167961121 0.16346199810504913 0.016826987266540527 0.028845995664596558
4 0.625 0.1670670062303543 0.024037957191467285 0.021634995937347412
4 0.3293269872665405 0.25 0.10096198320388794 0.0625
4 0.203125 0.2584129869937897 0.04086500406265259 0.021634995937347412
4 0.1670670062303543 0.3545669913291931 0.06490400433540344 0.13221198320388794
4 0.11057700216770172 0.36298099160194397 0.05288499593734741 0.08173102140426636
