4 0.5469923846180418 0.15288688173277654 0.11726066350141678 0.14445120817702106
4 0.5169195439659818 0.4333086576915016 0.2493621856095145 0.23667408129039802
4 0.6581718098678093 0.38771950868988536 0.13057674583800516 0.1541417422260321
4 0.3631554881867944 0.23894408842691345 0.06783823215677542 0.09321598021530222
4 0.46377862715856 0.2641905164857067 0.14698714548169262 0.15786320603891155
4 0.3523681572362314 0.5174574351430079 0.16049596645474823 0.20762586933764637
4 0.4697407669188401 0.9356591328108399 0.1081973592602824 0.1286817343783201
4 0.6397042232065637 0.9095320884970219 0.1386735375540804 0.16042570361509645
4 0.5424144846134097 0.9292795737766031 0.07537673435899861 0.14144085244679383
4 0.43895410291093634 0.8231867187938968 0.2221274967647825 0.14599419640597977
4 0.8743261038911847 0.5691670551959894 0.13347850365808356 0.10810157587460378
4 0.7751115161681938 0.7186077881130593 0.12100741058217956 0.11194420282526052
4 0.6125115791407867 0.6211458461624803 0.17050131375481625 0.2321329603222444
4 0.18744302292309492 0.6053885205592403 0.2667400271623854 0.22504855345897584
4 0.21966470312031458 0.39965805828328077 0.12574128606902973 0.2308771523920451
4 0.3218064062399033 0.14356398873976142 0.1904660457185688 0.1632762314248556
