4 0.44327298887825306 0.659006079948496 0.1701913219292086 0.20193882947689157
4 0.5695573035916325 0.5396249490759961 0.1314873045903111 0.11281214761654301
4 0.5342782160548538 0.3689540759110808 0.06508608297073348 0.09683284963920902
4 0.3736349321463234 0.38743245214398614 0.1577768266594331 0.1745836251857255
4 0.4288242481798613 0.20910667836095292 0.07717248505646884 0.14440113776757912
4 0.714193610016954 0.15871030789815896 0.06720311066085083 0.06346870901342377
4 0.6458921916074233 0.13109882511141532 0.03465352102072572 0.047725871594640756
4 0.4850253332790634 0.041618407416175354 0.05543290286753094 0.061035709267384136
4 0.722616494272186 0.03914491246188584 0.037415565000808226 0.03928313626412563
4 0.06932086820958819 0.33165198953351666 0.13864173641917638 0.16460219466026937
