4 0.5384620130062103 0.1514420062303543 0.10096198320388794 0.11538499593734741
4 0.4627400040626526 0.046875 0.10817301273345947 0.07932700216770172
4 0.3112980127334595 0.1983170099556446 0.24278795719146729 0.19471200555562973
4 0.4387019872665405 0.20432700216770172 0.05048096179962158 0.07211500406265259
4 0.265625 0.3509620130062103 0.09375 0.06730800867080688
4 0.34375 0.44951900839805603 0.10096204280853271 0.06730800867080688
4 0.6009620130062103 0.4471150040626526 0.14903801679611206 0.125
4 0.7451919913291931 0.5889419913291931 0.04326903820037842 0.038462042808532715
4 0.6574519872665405 0.75 0.04567301273345947 0.038462042808532715
4 0.5685099959373474 0.7043269872665405 0.11778795719146729 0.2740379571914673
