4 0.34645686251784186 0.6316889448196719 0.16276594486659623 0.18029744724690522
4 0.21278591858874735 0.6432350286416411 0.05136813012641814 0.044793463541206724
4 0.2449153529062157 0.5916871364112903 0.05437485118640273 0.05218327754555807
4 0.40599920623550345 0.4280705154837694 0.12245845581888609 0.06986476373779543
4 0.5041746175758202 0.3375089936248517 0.0309837224438424 0.02879218955598961
4 0.8367223226776743 0.2994575605935329 0.09351253484833733 0.06502412875127767
4 0.8034201794449979 0.3364305943709916 0.04178777549189161 0.04397833030794074
4 0.8283627052773097 0.2275761909550107 0.12205080961109405 0.06507399741697506
4 0.8944402345067347 0.4575634833376011 0.04138027962406898 0.03918863806157108
4 0.9470079739256472 0.47771727081000886 0.03358283204385215 0.031391299155999586
4 0.9702952598196395 0.40249765545458716 0.055189889329354425 0.061763727270398916
4 0.9926513124531902 0.3616258928342493 0.01469737509361968 0.04535481844612427
4 0.7813815005580912 0.4395003427987948 0.03276774935833071 0.021810845641580368
4 0.8280877704308339 0.4434740035259484 0.02558166684634977 0.021199470467803017
