4 0.3225271596657441 0.4299042801309032 0.1047481009835502 0.09554888558655045
4 0.35371726418252913 0.34701840817654983 0.1689804738942306 0.08389357613558085
4 0.4941837052608904 0.26877579533572626 0.10112184960656262 0.0666268161171572
4 0.38135551320670025 0.2627795304971279 0.052782082085648774 0.05738072042530809
4 0.32121166606962664 0.2626307198547362 0.05278208208564883 0.057380720425308035
4 0.2744299228997194 0.2594402803279996 0.02544468575590564 0.03464390115290533
4 0.4870770300626961 0.20952673453051324 0.062388481349373415 0.057788816629765316
4 0.40925409557635534 0.2290773099850144 0.05206793270153687 0.04056996834579013
4 0.34836744460852387 0.21807013649702153 0.050380273841450884 0.05727868751980597
4 0.3974724235031524 0.19489241640153243 0.029840284664509498 0.02524061994490137
4 0.36173792344945344 0.3281117869902722 0.33708207815210467 0.31638569669487415
