4 0.31971198320388794 0.5625 0.10096204280853271 0.09134602546691895
4 0.34735602140426636 0.6466349959373474 0.16586506366729736 0.07692301273345947
4 0.484375 0.7307689785957336 0.09855794906616211 0.0625
4 0.37139397859573364 0.731971025466919 0.05048096179962158 0.055287957191467285
4 0.3112980127334595 0.7295669913291931 0.05048096179962158 0.055287957191467285
4 0.2644230127334595 0.7307689785957336 0.024037957191467285 0.033653974533081055
4 0.4747599959373474 0.7896630167961121 0.060096025466918945 0.055287957191467285
4 0.39783698320388794 0.7668269872665405 0.05048096179962158 0.038462042808532715
4 0.33653801679611206 0.7752400040626526 0.04807698726654053 0.055287957191467285
4 0.3846150040626526 0.8004810214042664 0.028846025466918945 0.024037957191467285
4 0.3545669913291931 0.6658650040626526 0.3245190382003784 0.30288493633270264
