4 0.5512428661941692 0.7537011472171149 0.1373033651762401 0.10235453829452856
4 0.4929469622235334 0.7081466198426711 0.06617597406866876 0.0770971185799939
4 0.5509355113590578 0.6403120774044815 0.07167755635099349 0.05857196629638539
4 0.6200797930310211 0.5895960150077046 0.02823374636531828 0.023865830163332657
4 0.504862390110202 0.5828252379403578 0.021471077237264435 0.028023384822278397
4 0.4757960682205984 0.8013509622180094 0.14662261235728846 0.04614594352304513
4 0.33048509921316827 0.850312313145237 0.059574206735341695 0.028994162619687014
4 0.272027254367765 0.857859666933861 0.01928662908610762 0.030207800677559904
4 0.4046130421496601 0.8425940843220682 0.02583893406324761 0.02365546340454494
4 0.6918947459950961 0.7341061377559187 0.10604374334782174 0.07109499770649186
4 0.8168764399448681 0.7146820259968896 0.042601373281692556 0.02512792118535334
4 0.8443820747891834 0.6157415871378262 0.07622436924288678 0.13738429499343296
4 0.8999191108953921 0.602416663868778 0.05983406253415391 0.0860452426433701
