4 0.622596025466919 0.171875 0.09134602546691895 0.12740400433540344
4 0.5312499850988388 0.4387020021677017 0.21153798699378967 0.19471201300621033
4 0.6790869832038879 0.42548099160194397 0.10336494445800781 0.1346150040626526
4 0.42427900433540344 0.21514400094747543 0.05048102140426636 0.0841350108385086
4 0.5168270021677017 0.26201900839805603 0.1201920211315155 0.1346150040626526
4 0.3521629869937897 0.484375 0.12259602546691895 0.18509602546691895
4 0.37139400839805603 0.9302880167961121 0.07932698726654053 0.13942301273345947
4 0.5456730127334595 0.9302880167961121 0.11057698726654053 0.13942301273345947
4 0.4459129869937897 0.9302880167961121 0.04567301273345947 0.13942301273345947
4 0.3689900040626526 0.8016830086708069 0.20432698726654053 0.10336494445800781
4 0.8497599959373474 0.6502400040626526 0.11778795719146729 0.08413505554199219
4 0.7199519872665405 0.7740380167961121 0.10336494445800781 0.09134602546691895
4 0.5829330086708069 0.643028974533081 0.12740397453308105 0.2091350555419922
4 0.1718750037252903 0.5336539894342422 0.23317300528287888 0.1778850257396698
4 0.24879799783229828 0.34014400839805603 0.07932701706886292 0.21875
4 0.4050480127334595 0.11298099905252457 0.1658650040626526 0.1298079937696457
