4 0.3509438561314687 0.4784904534819122 0.19719181803622915 0.09151190015772515
4 0.6237180649376184 0.40494384848849163 0.2718514188294265 0.25744058049135904
4 0.5878815861358864 0.6681951001175851 0.2380982563658235 0.13962326633209243
4 0.640852567257143 0.7703145372363188 0.18514249449782227 0.055443758366098495
4 0.7838744092562759 0.7617801483813331 0.03370252061246859 0.057720311551325065
4 0.7945356654466602 0.5766751361747986 0.12746058096760438 0.06741521774793224
4 0.8242588748769684 0.1908329908527716 0.08658446110750473 0.05536077456396779
4 0.2907598685906373 0.3751760682661094 0.1010226448888141 0.07219989623247408
4 0.14745371485848482 0.0447675941063278 0.0361004845327661 0.050511293093605636
4 0.9463154873786581 0.9779895155031133 0.06974439067655192 0.03852066505040308
4 0.6961820414445321 0.8195469894978398 0.10820939292063347 0.043360039743385426
4 0.44961513142226683 0.6142254568852219 0.038508504199066707 0.05532036975601484
4 0.9267010672010049 0.5212758592565483 0.036090308837540386 0.0384923187049423
4 0.45179859886339924 0.3522035344268265 0.06258293176138058 0.09861051893080985
