4 0.6500764247109277 0.5125483609429798 0.2022963100563755 0.10314264171933418
4 0.38219394194371115 0.6022915467077187 0.2867471632382812 0.2732262364033875
4 0.40220770810356443 0.3373671769112345 0.24600522740874625 0.15361157547572651
4 0.34321878614843143 0.23860174880569313 0.18811073903863942 0.06642153143608345
4 0.20096429487074552 0.25568222869590107 0.037093873356800394 0.05962844874961648
4 0.20140268289323926 0.4410934897980251 0.13125469838143644 0.07491742873380802
4 0.19482957710619755 0.8280229724765289 0.08973441001699861 0.06043893816247925
4 0.7163369636378247 0.612074817375184 0.10515331090735758 0.07811045145736273
4 0.8791646175979879 0.9333123686318219 0.0390557575632301 0.0525766285214454
4 0.03091557320065053 0.04958442738139281 0.06183114640130106 0.04262266355971081
4 0.28504144049275176 0.19276964737017688 0.11060000950134971 0.04975541966924121
4 0.5434568931778347 0.3829633031158032 0.04174709173616109 0.057520742728935204
4 0.07279053098959838 0.50430494197773 0.03832613524094063 0.04057980930235017
4 0.5569621713626122 0.6446460553942283 0.0683673062996768 0.10217001452365881
