4 0.3871792560764841 0.6255880845937971 0.16745837723367596 0.20009201320130832
4 0.5493188984266723 0.5630555416295302 0.1302446507518631 0.11104823750887083
4 0.5814411745990513 0.3917624584714302 0.06364667069559482 0.09627954510478592
4 0.42580089698169865 0.3479010969294657 0.15549711306626995 0.17277301871223605
4 0.5445300045263184 0.20385478069324475 0.07487081051102129 0.14397593241306683
4 0.8276794666194877 0.26551391584353523 0.06645114632278504 0.06261251099886184
4 0.7749638930852728 0.2140498891317123 0.03396416831189697 0.04740139103653715
4 0.6600828098750866 0.07021933611947659 0.05463802821457042 0.06039721873292273
4 0.8808426762606065 0.1580871877649801 0.03691754057067398 0.038837239011856234
4 0.1637708234716397 0.18014381371847 0.13999209712651672 0.1630270951211921
