4 0.3510150648612969 0.3631754321866868 0.15741022574526642 0.17563733967974343
4 0.21781303230129803 0.3470989952554492 0.050094832688645896 0.04325929775671389
4 0.24817433625694948 0.39970771093132273 0.052862833193579706 0.05058430271849962
4 0.40361196599490834 0.5686975026602813 0.12069439328762349 0.06601389888381504
4 0.4986570074382719 0.6625390751656104 0.030154613252911577 0.02787612514781246
4 0.8297215779693924 0.7118557849432445 0.09176345361348015 0.06214469005982304
4 0.7976935467717775 0.6737737263302517 0.040492335188225814 0.04276980641377759
4 0.8189270085106988 0.7834119990297358 0.12044958789107918 0.06121206078376473
4 0.8927726018117541 0.5557999982992037 0.04024764393222047 0.037969042840505174
4 0.9459941044394304 0.5374420562808315 0.03267784115905237 0.03039935305395336
4 0.9667148984936176 0.6134087391904472 0.05335222567322673 0.06018689908220909
4 0.9905099950016302 0.6552757022240889 0.018980009996739655 0.04455892790340932
4 0.7791659183858763 0.5700153368167056 0.03218840403387524 0.020796754414695307
4 0.825980149345799 0.5676292511872685 0.024985710962270313 0.020429638645003134
