4 0.6490379869937897 0.5216349959373474 0.1971150040626526 0.09134602546691895
4 0.3762019872665405 0.5949519872665405 0.2716350555419922 0.2572120428085327
4 0.4122599959373474 0.33173099160194397 0.23798096179962158 0.13942301273345947
4 0.359375 0.2295670062303543 0.18509602546691895 0.05528798699378967
4 0.21634602546691895 0.23798101395368576 0.033653974533081055 0.05769200623035431
4 0.20552897453308105 0.4230769872665405 0.12740397453308105 0.06730800867080688
4 0.17548102140426636 0.8088939785957336 0.08653795719146729 0.055287957191467285
4 0.7091349959373474 0.625 0.10096204280853271 0.07211494445800781
4 0.8521629869937897 0.955528974533081 0.036058008670806885 0.05048096179962158
4 0.05408698320388794 0.021635000593960285 0.06971204280853271 0.03846200369298458
4 0.30408698320388794 0.18028800189495087 0.10817301273345947 0.04326900839805603
4 0.550480991601944 0.3858169913291931 0.03846198320388794 0.05528801679611206
4 0.07331699132919312 0.4783650040626526 0.03605794906616211 0.03846198320388794
4 0.5480769872665405 0.6478369832038879 0.0625 0.09855794906616211
