4 0.5374636223157794 0.15133328454211337 0.12343115286525214 0.13441167289371664
4 0.6339179244904065 0.06551575123782347 0.12271198817631768 0.10075095946393245
4 0.7492136530491496 0.24600468190468072 0.2790073077024203 0.24240615095517923
4 0.6235023177915934 0.22445119214136694 0.06481986808648843 0.08129028510378525
4 0.7609606021026283 0.40490254292361627 0.10604005305814745 0.08590925093321244
4 0.6634532361904404 0.48433371160779815 0.11308305184417622 0.08746158130143405
4 0.4127874907957024 0.42662337494917235 0.17244987313766774 0.15414926356655195
4 0.24141108789677318 0.534081793152539 0.05053343073832936 0.04687380571512223
4 0.29242819448320867 0.710250026988541 0.052881101850969225 0.0473912502403121
4 0.389116187073577 0.6847915509422831 0.1740114882308726 0.29296760590643767
