4 0.6104923702783138 0.41071795065270794 0.062234662357906534 0.11388112205829581
4 0.6896538130875389 0.265235012150192 0.05482855609062787 0.07279259290957982
4 0.6219663711798191 0.3066712307316535 0.02930398072819307 0.04726796186939353
4 0.6719607837089115 0.31589078118043945 0.038746783258788664 0.04548273332866054
4 0.911297859388201 0.3022968909998863 0.023125563024684714 0.025370211581622393
4 0.60926509479397 0.07220904289868729 0.045789686412907926 0.04354403565644086
4 0.6985142918726739 0.05142151227544828 0.0379794636365588 0.03348827347912814
4 0.7001584946440054 0.15751290431808695 0.03588734770348756 0.03813299845995463
4 0.6455115715036785 0.20219226548177321 0.11505250771888476 0.04319741832035737
4 0.5784098219505909 0.25330058885773515 0.04548279566568625 0.0387468316763766
4 0.5515049716001714 0.297345778046585 0.06947266804489438 0.04028154667639133
4 0.520197129866006 0.42902964811420474 0.07509458912839373 0.09081205650797691
4 0.3710221227428371 0.464048401787239 0.09708846569289192 0.06116044773273932
4 0.34104792302979486 0.5560725382460461 0.06687944682178426 0.11178900993052399
4 0.4381886591015241 0.6754988210858341 0.040685544219359104 0.038439893462892005
4 0.44369002296726895 0.758952281643152 0.033334798138783706 0.03558039321749906
