4 0.6504595086451044 0.506506218152184 0.20531662159518305 0.11074444476539358
4 0.3864005276543768 0.606943853144606 0.2961717624010681 0.28327558311715406
4 0.3957500494401309 0.34142914735537244 0.2508193061296122 0.16269479258304348
4 0.3328391275831565 0.2451144620088206 0.18972523283475967 0.07365879320948296
4 0.19138610007170448 0.26789875681461683 0.0392963239132634 0.06078966737272559
4 0.19927634546971812 0.4531425744040236 0.13353811744814548 0.07980396603871476
4 0.20826035943288473 0.840023586833752 0.09166885302870412 0.06372700689225907
4 0.7206667594867945 0.6032890496776475 0.10771518129933311 0.08192186342434893
4 0.8962742996258699 0.9177225101710162 0.040961459416924084 0.053857585405995834
4 0.022384100288341095 0.06900495517983947 0.04476820057668219 0.04529114511602372
4 0.2728666687992187 0.20165771043964822 0.11198262255162467 0.05394941606269682
4 0.5387177360828337 0.3813112183277074 0.04383760683040794 0.05888242096546625
4 0.07330876989998014 0.5214722400627597 0.03975024031027687 0.04189978117373605
4 0.5627298833128602 0.6422396992650389 0.07211360005554812 0.10435442132922712
