4 0.5877400040626526 0.35576900839805603 0.13701903820037842 0.1778849959373474
4 0.43990397453308105 0.4471150040626526 0.11538505554199219 0.09134602546691895
4 0.43990397453308105 0.6213939785957336 0.04807698726654053 0.08894205093383789
4 0.6009620130062103 0.6358169913291931 0.12980800867080688 0.1514420509338379
4 0.5108169913291931 0.799278974533081 0.05048096179962158 0.13701903820037842
4 0.22115397453308105 0.7908650040626526 0.05769205093383789 0.05288505554199219
4 0.2824519872665405 0.8317310214042664 0.02644205093383789 0.04326903820037842
4 0.421875 0.9519230127334595 0.04567301273345947 0.05288505554199219
4 0.18870198726654053 0.90625 0.03125 0.033653974533081055
4 0.8894229829311371 0.752403974533081 0.11538499593734741 0.14423096179962158
