4 0.08515600487589836 0.9023439884185791 0.1640620008111 0.1953120231628418
4 0.4000000059604645 0.536719024181366 0.11874997615814209 0.1578119993209839
4 0.6484379768371582 0.5554689764976501 0.10625004768371582 0.1015620231628418
4 0.5734379887580872 0.7929689884185791 0.11249995231628418 0.0859379768371582
4 0.5796880125999451 0.9132810235023499 0.05937504768371582 0.0546879768371582
4 0.6671879887580872 0.9796877503395081 0.10625004768371582 0.04062449932098389
4 0.8390629887580872 0.609375 0.06875002384185791 0.08749997615814209
4 0.9546880125999451 0.5484380125999451 0.05312502384185791 0.05624997615814209
4 0.8914059996604919 0.760155975818634 0.06718695163726807 0.06406199932098389
4 0.640625 0.252344012260437 0.14374995231628418 0.11093699932098389
4 0.6078120023012161 0.5867189913988113 0.7687500417232513 0.8265620172023773
