4 0.3668774495914276 0.6523018707314541 0.15865164099382922 0.17672144946877266
4 0.23623359141475098 0.6828537221194058 0.05039126179912057 0.043614719583615846
4 0.26065743519925294 0.6272393211270135 0.0532141639762331 0.05095529790248021
4 0.39667517294936183 0.44225937230959655 0.12111028980156602 0.06690170446304544
4 0.48088378035305923 0.33858338149024814 0.03034738282883309 0.0280885587593957
4 0.8045662464156247 0.2533451923500347 0.092172980730444 0.0628098359888693
4 0.7768965061252537 0.29470245825171426 0.04079285432144586 0.04305067028731169
4 0.7860084291854899 0.1833993424099329 0.12082820087682489 0.06210191139367549
4 0.8843108818525169 0.40156676052315055 0.040510887831425535 0.038251951750480184
4 0.9392212601225112 0.4139922478513718 0.03288822932847346 0.03062940525903618
4 0.9515071634373798 0.33621471383116874 0.053778115262467674 0.06055380339022426
4 0.9753655709800133 0.29146915581957916 0.028934577102344927 0.04474556150785103
4 0.7698309347832951 0.399864971105214 0.03232423341572721 0.02103089714909595
4 0.8166252237471574 0.3971153992537138 0.02512460855807963 0.02060785651126862
