4 0.3954330086708069 0.40384599566459656 0.055287957191467285 0.11057698726654053
4 0.32572102546691895 0.25360599160194397 0.05048096179962158 0.06971198320388794
4 0.390625 0.29927900433540344 0.02644205093383789 0.04567301273345947
4 0.34014397859573364 0.3052879869937897 0.03605794906616211 0.04326897859573364
4 0.10216301679611206 0.2764419913291931 0.021635055541992188 0.02403801679611206
4 0.41826897859573364 0.06610599905252457 0.04326903820037842 0.04086500406265259
4 0.33052897453308105 0.03966299816966057 0.03605794906616211 0.03125
4 0.3221150040626526 0.1454329937696457 0.033653974533081055 0.036058008670806885
4 0.3737980127334595 0.1935099959373474 0.11298096179962158 0.036058008670806885
4 0.4375 0.24879799038171768 0.04326903820037842 0.03605799376964569
4 0.46153801679611206 0.29447099566459656 0.06730794906616211 0.036058008670806885
4 0.4843749701976776 0.4278849959373474 0.06971198320388794 0.08653801679611206
4 0.6310099959373474 0.47235599160194397 0.09375 0.05528801679611206
4 0.6550480127334595 0.5661060214042664 0.060096025466918945 0.10817301273345947
4 0.550480991601944 0.6790869832038879 0.03846198320388794 0.03605794906616211
4 0.5396629571914673 0.7620189785957336 0.03125 0.033653974533081055
