4 0.3208945919799542 0.5658123986665741 0.1026285548020015 0.0931914106364451
4 0.3500846857260286 0.6494235750516534 0.16725470928441272 0.079967121583159
4 0.4886311207557781 0.7310177713766811 0.09969318794757154 0.0643059739313212
4 0.3756914481586635 0.7343020472311721 0.05149143765423059 0.05620901530664357
4 0.3155613808453439 0.7330060927757109 0.05149143765423059 0.05620901530664357
4 0.2687164985715479 0.7350718621585604 0.02465417389113672 0.0340913180566933
4 0.4801032677835325 0.790079025700952 0.061104867930305506 0.056386237351623625
4 0.40277241557918203 0.7686646980202536 0.051181307315131264 0.039385959282406735
4 0.34163892880729674 0.7782061302704466 0.04908787150439459 0.0561647059502447
4 0.3901729838930137 0.8025567187233638 0.029284185757020964 0.024565555178339027
4 0.35764887255595806 0.6685174059234147 0.33004659611377674 0.3088149228581495
