4 0.358173 0.355769 0.149038 0.168269
4 0.225962 0.332933 0.048077 0.040865
4 0.253606 0.387019 0.050481 0.048077
4 0.400240 0.563702 0.117788 0.060096
4 0.490385 0.662260 0.028846 0.026442
4 0.818510 0.728365 0.088942 0.057692
4 0.788462 0.688702 0.038462 0.040865
4 0.804087 0.799279 0.117788 0.055288
4 0.889423 0.575721 0.038462 0.036058
4 0.943510 0.560096 0.031250 0.028846
4 0.960337 0.637019 0.050481 0.057692
4 0.986779 0.680288 0.026442 0.043269
4 0.775240 0.584135 0.031250 0.019231
4 0.822115 0.584135 0.024038 0.019231
