4 0.4447811659998096 0.6192598002912089 0.20320336542721262 0.17937823634008476
4 0.22194703474694494 0.5954502840172942 0.18272444568901092 0.10274023671687227
4 0.30506199939081774 0.5247208987069281 0.08888983938164208 0.05825778373583568
4 0.38348536156925084 0.36193726565294226 0.0966560498253638 0.10346293418729197
4 0.400941486267237 0.43191903785923336 0.09525511147890081 0.09014943129726499
4 0.48857050090893916 0.4060147641119928 0.08752686813032445 0.1096501178891573
4 0.5569589803601632 0.45243314159120074 0.12420484171253054 0.0935728071650993
4 0.5928018243618699 0.5958794657780442 0.11957914675834336 0.12468410959522613
4 0.6916334988367092 0.5234376510688898 0.05869909221711067 0.05019037072363741
4 0.7824546138563361 0.5327593719406656 0.04338252281776156 0.06550577257659429
4 0.7144953079635161 0.5670924525172114 0.0399600395050248 0.03655628084843443
4 0.4501134603385497 0.7509522686327081 0.08766725101721684 0.08596608903367464
4 0.37129050395762 0.8889602281477251 0.05683728477092903 0.043222809251507344
4 0.6576452755441753 0.6755916111075864 0.035775979896681576 0.02896913773150367
4 0.5653105956827176 0.7350987606679744 0.13971913781689205 0.15163170236045598
