4 0.604567 0.403846 0.055288 0.110577
4 0.674279 0.253606 0.050481 0.069712
4 0.609375 0.299279 0.026442 0.045673
4 0.659856 0.305288 0.036058 0.043269
4 0.897837 0.276442 0.021635 0.024038
4 0.581731 0.066106 0.043269 0.040865
4 0.669471 0.039663 0.036058 0.031250
4 0.677885 0.145433 0.033654 0.036058
4 0.626202 0.193510 0.112981 0.036058
4 0.562500 0.248798 0.043269 0.036058
4 0.538462 0.294471 0.067308 0.036058
4 0.515625 0.427885 0.069712 0.086538
4 0.368990 0.472356 0.093750 0.055288
4 0.344952 0.566106 0.060096 0.108173
4 0.449519 0.679087 0.038462 0.036058
4 0.460337 0.762019 0.031250 0.033654
