4 0.6451873775385186 0.5400127482167592 0.2069497870806143 0.1151645281244803
4 0.3653486275215152 0.5788088556716782 0.30153057680656903 0.2890144309928891
4 0.43388093061890487 0.3221207258718508 0.2534806912306813 0.16795309138688344
4 0.39412001468906577 0.21416993955364044 0.19053725518948345 0.07789114113951259
4 0.2511557220083396 0.20472038399516707 0.04057144516024608 0.06143140800968386
4 0.21738987087436168 0.38703164317774286 0.13478935976062334 0.0826386832378731
4 0.1395653732496262 0.7661107613773606 0.09274523065317943 0.06562679403347593
4 0.6919547990097454 0.6500526629648491 0.10915111222511631 0.08411788956012234
4 0.7927409056760859 0.9842614227429746 0.042059469635291946 0.031477154514050865
4 0.3453938817900853 0.15839405729036493 0.1127165189725482 0.056393474878641076
4 0.5642972713295709 0.39298621172108406 0.045042936962123026 0.05964440017913836
4 0.07932561041205279 0.4254378052737926 0.040563799099264684 0.04264999581592138
4 0.5293068450423807 0.6526704920445193 0.07427851836804145 0.10556924497243236
