4 0.4122599959373474 0.35576900839805603 0.13701897859573364 0.1778849959373474
4 0.560096025466919 0.4471150040626526 0.11538505554199219 0.09134602546691895
4 0.560096025466919 0.6213939785957336 0.04807698726654053 0.08894205093383789
4 0.3990379869937897 0.6358169913291931 0.12980800867080688 0.1514420509338379
4 0.4891829937696457 0.799278974533081 0.05048099160194397 0.13701903820037842
4 0.778846025466919 0.7908650040626526 0.05769205093383789 0.05288505554199219
4 0.7175480127334595 0.8317310214042664 0.02644205093383789 0.04326903820037842
4 0.578125 0.9519230127334595 0.04567301273345947 0.05288505554199219
4 0.8112980127334595 0.90625 0.03125 0.033653974533081055
4 0.11057700030505657 0.752403974533081 0.11538499966263771 0.14423096179962158
