4 0.6735428563356083 0.4206722241887899 0.10917536232317782 0.10051533519310246
4 0.6380389279361535 0.3395404704939027 0.1724166584800788 0.09231690962060696
4 0.4936538012404001 0.26878973335346734 0.10404457563631209 0.0715713526622404
4 0.6060108229464664 0.2568708762492211 0.05550010858923371 0.05982920961189728
4 0.6660636973022913 0.2535607743386366 0.05550010858923349 0.059829209611897305
4 0.712613056126937 0.24791563559779853 0.027123324594062304 0.03578335172413777
4 0.497636204077306 0.20924901793228065 0.06507177493247912 0.06074170768847814
4 0.5763792338920206 0.22468175548160768 0.053903279380149716 0.04307923852837414
4 0.6366031088483379 0.21048925677563146 0.05310698432874916 0.059601065294450195
4 0.5863476682814244 0.18992481283731527 0.030997103203169063 0.02666703595916811
4 0.6290355196847877 0.32108159892447197 0.35179900982024936 0.332315693343883
