4 0.07998365510877237 0.8922674803988985 0.15996731021754473 0.19919489023587533
4 0.39914720102540646 0.5343074114985247 0.12250485092664654 0.16061772318375522
4 0.6470633587356214 0.5590170216005814 0.10865794882409074 0.10408383654738129
4 0.5663825524543493 0.7946477949985102 0.11453091408645522 0.08861435635691628
4 0.5697420498407453 0.9150752103213222 0.06067100374343448 0.05609782196812885
4 0.6556223572423512 0.9809908754756436 0.10719482232162036 0.03801824904871298
4 0.8363391174596753 0.6174844629600589 0.0708311022250534 0.08912545770373237
4 0.9533939216022276 0.5593412312045623 0.054460285737298 0.05750930621285244
4 0.8850467463010625 0.7694787403253546 0.0687057284443181 0.06565670796876333
4 0.6465307470288715 0.25579185299540186 0.14637213840383267 0.11435649290910482
4 0.6056987748382875 0.5834458867700528 0.7883743987997935 0.8331082264598944
