4 0.316693167952434 0.44700354422265 0.1055960818480911 0.09649553305044828
4 0.339904267167946 0.3615393104016585 0.16965702733629928 0.08548273293449826
4 0.47234101598680206 0.2703623665196059 0.1016883609297271 0.06756330547673256
4 0.35945146750135526 0.27506406376462206 0.05330026390774206 0.05784957934462484
4 0.29956314461454236 0.2806042149231927 0.05330026390774201 0.05784957934462487
4 0.2526893575623607 0.2818526082008311 0.02576321102429266 0.03486375982193546
4 0.4596625293985189 0.21205102957297783 0.06290219888739362 0.05835186807904644
4 0.38403749856205155 0.23887431877566107 0.05242128197550233 0.04104663955467622
4 0.32238273746642154 0.23367503339071832 0.050899571831423296 0.05772399626295377
4 0.36907549402317735 0.20595695001184303 0.030062375669297703 0.02551204486095049
4 0.3461008197833839 0.3419588600635889 0.33989857050250816 0.31942416901740045
