6 0.7838424729012563 0.30529694419545894 0.04926020585352697 0.05807024435999769
6 0.8745286006504396 0.2515222473365381 0.05038611529897108 0.04418353945286249
6 0.8533326244173809 0.3613671412873879 0.07044536758608833 0.097895558124586
6 0.641893290082038 0.3801428897290714 0.10905606167541992 0.1763750399260567
6 0.731747585318407 0.4557953652882395 0.14314277454376712 0.1680186532201911
6 0.7436936658057868 0.6368451501048418 0.13375321502248316 0.2362791565527479
6 0.5880413917068557 0.5406809160968786 0.09514257897628409 0.1577996928464429
6 0.54210208261001 0.5766455424440616 0.11106001217196909 0.16750828241776133
6 0.46322259459139004 0.4382481102402995 0.22774948814715712 0.2655828770968494
6 0.19943941061307835 0.5862719800347866 0.14388642607809 0.11129958880205815
6 0.326892328343771 0.6736449582056294 0.12533510036214096 0.08653216186264245
6 0.24359161562210047 0.7985358406034151 0.18436679215728027 0.11917330844702612
6 0.6166025098249159 0.6607440767952559 0.11344591667493498 0.2014727744321767
