6 0.7324186096125016 0.2080621788544745 0.044183931451439507 0.049216699386067986
6 0.8084223278663998 0.12289242122142979 0.04745062750014151 0.03403500260200387
6 0.8108154318306418 0.23627872655253054 0.060982952701406856 0.08630098210873488
6 0.6115188877661679 0.33241418330084394 0.09072508360214249 0.16020830945477654
6 0.7135428760489165 0.37192750271605635 0.12849939337105631 0.14223952713713778
6 0.7625394924551836 0.5414990858389591 0.10830986931412212 0.21788486403114216
6 0.5930351033017853 0.5065762138497091 0.07856779794083812 0.1439775407336688
6 0.5563412446050082 0.5581043156397287 0.09418823042005953 0.15017493362580697
6 0.4518618521620125 0.4542414596780091 0.20470987587752376 0.22444123046409575
6 0.22904688480246643 0.6939132546469304 0.13771004649800014 0.08125041826175272
6 0.3696307842024593 0.7308030608352096 0.12150035985343333 0.05960907851957864
6 0.3154607932720612 0.8815857488786644 0.17992964449355436 0.07898691828175597
6 0.6453607754802113 0.6114048191263058 0.09170725908279076 0.18594786053316437
