6 0.21475414977038704 0.30898742508326593 0.04949279104995988 0.058501417796569366
6 0.12368102020680802 0.2563914142209507 0.05050054124536102 0.04469829266155029
6 0.14567527629909507 0.3659562284504822 0.07089854024668689 0.09844020723513636
6 0.35724122743908016 0.38198883913646153 0.10995903609906282 0.17709790241008222
6 0.2679416992844507 0.45880309778686046 0.143812735594582 0.16927508602802704
6 0.25731360471293296 0.6399992738721405 0.13502273056440933 0.23706900319245106
6 0.41225878048510745 0.541820848758919 0.09596222023485274 0.1584113033057299
6 0.4584576210791521 0.5771879684157497 0.11188131393277634 0.16830310004514248
6 0.536326327749474 0.4377740398384276 0.22880129449827485 0.26759041079628043
6 0.801174171047093 0.5823697902644999 0.14409247111316958 0.11284163586987139
6 0.6743630435113452 0.6713916453519344 0.12543003217084248 0.08792587411561381
6 0.7585686032324273 0.7951962663173349 0.1844405776870489 0.12126276920326073
6 0.384572687565366 0.6622487577624594 0.11453130947989104 0.20213751840953564
