6 0.307275305680313 0.8395675696054299 0.04898963923199895 0.05757248214698785
6 0.24296653246635974 0.940456844571711 0.050249997157709836 0.04359218013912303
6 0.226452532093183 0.8291887468061349 0.06992118872858066 0.09726399348684289
6 0.4109609465923031 0.6900547735888565 0.108015078763054 0.17553145731285758
6 0.3054312670300106 0.673794145800547 0.14236323349213487 0.16656830968153602
6 0.2359517580441885 0.5174957061065464 0.1322920127273334 0.2353524246566705
6 0.40744509363486126 0.5142158470750392 0.09419810814547336 0.15708495652148913
6 0.4371933707263306 0.45524408526388516 0.11011182026924815 0.16658376553426407
6 0.5531770955046391 0.5344079686184483 0.22652534780079558 0.2632658583186713
6 0.7429569812445243 0.2485122560028981 0.14363520942704977 0.10953047383870984
6 0.5997341276985251 0.24341795059991642 0.12521256915299384 0.08493484059707973
6 0.6343238821987962 0.08269131116612713 0.18426155941328715 0.11677980950175688
6 0.3427651746067955 0.4224956326581203 0.11219666302688458 0.20069250091985386
