6 0.256756991147995 0.22422699630260468 0.04247099161148071 0.04639199376106262
6 0.177606001496315 0.1443299949169159 0.04633200168609619 0.03092801570892334
6 0.17953699827194214 0.25773200392723083 0.05791500210762024 0.0824739933013916
6 0.3822390139102936 0.34020599722862244 0.08494198322296143 0.15463900566101074
6 0.28185299783945084 0.38659799098968506 0.12355200946331024 0.13402098417282104
6 0.23938200622797012 0.5592779964208603 0.10038600862026215 0.21133998036384583
6 0.4073359966278076 0.5128869861364365 0.07335901260375977 0.13917496800422668
6 0.44594600796699524 0.5618559718132019 0.0888029932975769 0.14433002471923828
6 0.5463320016860962 0.45103099942207336 0.19691097736358643 0.2113400101661682
6 0.7779920101165771 0.6752579808235168 0.13513493537902832 0.07216501235961914
6 0.6389960050582886 0.7216489911079407 0.11969101428985596 0.05154597759246826
6 0.6988419890403748 0.8685569763183594 0.1776059865951538 0.06701004505157471
6 0.3590730130672455 0.6211339831352234 0.08494198322296143 0.1804119348526001
