6 0.7400749432686407 0.21932247529251458 0.04299430532905457 0.04724854171683204
6 0.8183070925894342 0.1378284113904829 0.046678795905162995 0.03186470589325774
6 0.8176675032537097 0.25125650585162607 0.058847332514942896 0.0836397931159632
6 0.6159279299777252 0.3378346140687731 0.08669289405211911 0.15634495478090282
6 0.7168306054539668 0.38218400875988134 0.1250637166384303 0.13651286935852486
6 0.7612628304887776 0.5539821544339008 0.10278068960839037 0.21335279900519866
6 0.5928000285527294 0.5110049698835729 0.07493518766897211 0.14064763854987833
6 0.5547520408324199 0.5607518508678251 0.09043607960513067 0.1461155204540911
6 0.4531157888118553 0.45197692098885317 0.19929455079639552 0.21531171158629647
6 0.22403560284533197 0.6808793131705051 0.13594099509909993 0.07489910854240334
6 0.363543757825162 0.7244441724743763 0.12026408936721944 0.053969036519407654
6 0.30537738795257824 0.8725497007646472 0.17834844452924012 0.0706066461880065
6 0.6422899696414542 0.6182600082414638 0.08698634552284501 0.18211490614206538
