6 0.7640701364896751 0.26079605422251284 0.04596562219985878 0.052227431900741805
6 0.8492047261084441 0.19274138230104848 0.04855700756356407 0.037408369716027595
6 0.8381390060458114 0.3052065375355199 0.06422985094307565 0.09031971469796485
6 0.6299638158015217 0.3580629394779976 0.09691988569485155 0.16595028173261078
6 0.7260247251107497 0.4186155762672965 0.13364260878604806 0.15100226172461895
6 0.7543220698666664 0.596396832110132 0.11684704614601882 0.2245416692602344
6 0.5910859495778304 0.5261323804927843 0.08415707065237032 0.1489111107936687
6 0.5487510256452705 0.5692665478655965 0.09992702441592094 0.15625624757753803
6 0.4578867308233784 0.4446555284479429 0.212810904374372 0.23841702751810667
6 0.20948947094763914 0.634278159044048 0.14016946320317522 0.09117092207542976
6 0.3439359485723972 0.7003799418144974 0.12315239034716563 0.06845171715888132
6 0.2725896751273783 0.8378310909374851 0.18197785384846435 0.0921510747832689
6 0.630338201232049 0.6406878101128688 0.09899848663508615 0.19157337747542436
