7 0.5768830984644783 0.3906727384555214 0.08900137959118792 0.05154499107443805
7 0.6219184167164546 0.4343827946854635 0.05281915084562083 0.04712365336649965
7 0.636675569046651 0.5017358157099422 0.058722173347715234 0.07422500784328928
7 0.5682719435586141 0.6379639851557327 0.1205648706754161 0.07518698836278159
7 0.6956118483581604 0.5819175005997363 0.03660936967301898 0.019861974364930868
7 0.730179886791211 0.6199981510255235 0.031670515096323015 0.027502175058409017
7 0.6697820227138445 0.6730728591957791 0.04208429612673381 0.03152261776145804
7 0.5274640490015123 0.7467300569664405 0.031670515096323126 0.02750217505840924
7 0.4982462444869371 0.9016578331410376 0.16157892998558426 0.06810794760717609
7 0.6221000112312454 0.8128405406766683 0.032205633504606035 0.04680300431694073
7 0.48524283277185465 0.432646979207263 0.05818708473533035 0.05492417904824104
