7 0.3973126897463345 0.4032905702480011 0.09751295093048129 0.0603662079538293
7 0.36391616270611316 0.45251177855547764 0.06107450383103308 0.0520842891282165
7 0.36614000701735383 0.5207454745949291 0.07213152000405304 0.07937760013498879
7 0.4671751906247122 0.6450677269826396 0.13313410422460803 0.08704756020159077
7 0.32814083173234326 0.6077385003373594 0.03985074298148461 0.023512695788446947
7 0.3036311993371097 0.6499703476030045 0.03647446568694784 0.030489090747215064
7 0.3761535733126706 0.6937051805814589 0.047494509583220546 0.03557505279740525
7 0.5342773595852122 0.7462513076696675 0.0364744656869479 0.030489090747215064
7 0.601453446753053 0.8944057968658943 0.1720955162257719 0.08454534556898197
7 0.45770752187910096 0.8243918691689266 0.04074101447797618 0.04952772446222209
7 0.49777615568875944 0.4317663039605485 0.06786497121302482 0.060338966419981876
