7 0.4127750303140013 0.6048820268858961 0.09096416105863459 0.05350717823490836
7 0.3720724165618278 0.5588495666986388 0.05466357196357685 0.048259184338312
7 0.3638488287088083 0.49087406084514695 0.061670206429263685 0.0754492026368822
7 0.44521059527256135 0.3587026225455324 0.12344413126306636 0.07783565525295844
7 0.31279861330465175 0.40771314535568615 0.03736164051208263 0.020671437734616827
7 0.2819930804550943 0.36786170530269857 0.03274547218547147 0.028184362057306622
7 0.3473513045758243 0.31819338249841633 0.04330626705361079 0.032437915876161294
7 0.4964004757951881 0.25242851656505977 0.032745472185471414 0.028184362057306567
7 0.5404820273154947 0.0994862176529168 0.16409538670369578 0.07171483978760859
7 0.4083869076895229 0.18137056115663214 0.03407297799196235 0.047463727728062205
7 0.5082235878530195 0.5679755058534918 0.06034270062277297 0.05616983696612676
