7 0.4201030135154724 0.3918919861316681 0.08762896060943604 0.05019301176071167
7 0.3762890100479126 0.43629300594329834 0.05154597759246826 0.04633200168609619
7 0.36340200901031494 0.5038610100746155 0.056700944900512695 0.07335901260375977
7 0.4355670213699341 0.6389960050582886 0.11855697631835938 0.07335901260375977
7 0.30670100450515747 0.5849419832229614 0.03608202934265137 0.019304990768432617
7 0.2731959819793701 0.6235520243644714 0.03092801570892334 0.027027010917663574
7 0.3350520133972168 0.6756759881973267 0.0412369966506958 0.030887961387634277
7 0.4793810248374939 0.7471039891242981 0.03092801570892334 0.027027010917663574
7 0.5128870010375977 0.9015439748764038 0.15979397296905518 0.06563699245452881
7 0.38659799098968506 0.8146719932556152 0.03092801570892334 0.04633200168609619
7 0.5128870010375977 0.43243199586868286 0.056700944900512695 0.05405402183532715
