7 0.5577572147586163 0.38425361241071726 0.09654662771486111 0.05931700244198246
7 0.6098277464434831 0.42333403970181693 0.06009797523658966 0.05151553764369826
7 0.6358664171902275 0.4887420746804113 0.07051357108404888 0.0788164873321146
7 0.5910736680771269 0.6303670066484013 0.13169436887281305 0.08564374922774609
7 0.7078991534989529 0.5626796667045184 0.03948593348159657 0.023076750445288563
7 0.748634006310718 0.5971701683935173 0.03590730015617205 0.030145609251086225
7 0.6977073194895589 0.6555523978179367 0.046863293336175005 0.035102250272414426
7 0.5690055409356862 0.7421307624277285 0.03590730015617194 0.030145609251086225
7 0.5662476009651147 0.8985830176332568 0.17096209567828896 0.08255749275490987
7 0.6740680823615266 0.7987203988134269 0.03970508342152146 0.049239862623711605
7 0.47396131451475865 0.43459196666609773 0.0667158172956932 0.05972223724887371
