7 0.5581117364890678 0.38435321332487005 0.09642388626726917 0.0591848150588285
7 0.6100623794969022 0.42352305718511163 0.05997482805818477 0.051443421564391634
7 0.6359005562189584 0.4889756854855202 0.07031022692995326 0.07874467448202588
7 0.5906739533453689 0.6305232368467748 0.1315117838867058 0.08546673654390058
7 0.7077065408065419 0.5630369212289978 0.03943952353757252 0.023021863834164935
7 0.7483355993996454 0.5975973633107226 0.03583575273379169 0.030102079723092978
7 0.697230149984585 0.6558918859428334 0.04678350195191927 0.035042483799714974
7 0.5682634141784941 0.7422487587784934 0.035835752733791915 0.030102079723092978
7 0.5650260753587225 0.8986958604442535 0.17081675778521516 0.08230775591138806
7 0.6731522750548833 0.7990188693237641 0.03957501676049702 0.04920281193920706
7 0.4741618085344461 0.43454737331894083 0.066570992390244 0.05964394550461105
