7 0.44516801601208117 0.3834581246044877 0.09753613228586544 0.06039157060792738
7 0.3921225491146929 0.4217958652432019 0.061098088913365156 0.05209795555850816
7 0.3644412774532179 0.48682434730186397 0.07217071988909263 0.07939096429559739
7 0.40565937809666436 0.6290569803899124 0.13316869391130903 0.08708146817392137
7 0.29055931605376895 0.5597309935152825 0.039859481600844626 0.023523240638578025
7 0.24896310357360288 0.5936397932360398 0.036488159595892855 0.0304973483001022
7 0.29841043234877046 0.6527312053028274 0.04750972069477477 0.03558644643923359
7 0.4249089232867126 0.7411126620812047 0.03648815959589291 0.03049734830010231
7 0.4237262833563892 0.8975760474127763 0.17212246131831166 0.08459352482770777
7 0.3184399243474525 0.7962077433686632 0.04076613623977904 0.04953454319282591
7 0.5276812716614749 0.4349715179413379 0.06789274324520639 0.06035376940287385
