7 0.6100141915700732 0.4079220600170525 0.10034459374634275 0.0635419211958066
7 0.6395369740675525 0.458513311017698 0.0640193670887047 0.05376272244730518
7 0.6320250263230462 0.5265350140955898 0.07707529529737822 0.08097124554810231
7 0.5215186611323649 0.6462510342254795 0.1373800196451483 0.09128262353478533
7 0.6632132941339839 0.6150345686217766 0.040913000147541734 0.02483569596516344
7 0.6844062488704636 0.6582615713654263 0.03818260613790614 0.031504880914885125
7 0.6086144938915667 0.6987669237573846 0.04938020739981186 0.036987504762335144
7 0.4466825248356713 0.7443439653261215 0.038182606137906305 0.031504880914885125
7 0.36812977006481085 0.8893252675222203 0.17528846007332116 0.09062845875765879
7 0.5170628719031803 0.8256843080751776 0.04391848962372591 0.05032571568461597
7 0.5075119332170559 0.43197829443809 0.0713394408664591 0.06215041574640778
