7 0.5798969864845276 0.6081080138683319 0.08762896060943604 0.05019301176071167
7 0.6237109899520874 0.5637069940567017 0.05154597759246826 0.04633200168609619
7 0.6365979909896851 0.4961389899253845 0.056700944900512695 0.07335901260375977
7 0.5644329786300659 0.3610039949417114 0.11855697631835938 0.07335901260375977
7 0.6932989954948425 0.4150580167770386 0.03608202934265137 0.019304990768432617
7 0.7268040180206299 0.37644797563552856 0.03092801570892334 0.027027010917663574
7 0.6649479866027832 0.32432401180267334 0.0412369966506958 0.030887961387634277
7 0.5206189751625061 0.2528960108757019 0.03092801570892334 0.027027010917663574
7 0.48711299896240234 0.09845602512359619 0.15979397296905518 0.06563699245452881
7 0.6134020090103149 0.18532800674438477 0.03092801570892334 0.04633200168609619
7 0.48711298406124115 0.5675680041313171 0.05670097470283508 0.05405402183532715
