7 0.5736113920006706 0.3894165566638607 0.09043171151426077 0.05297135290449151
7 0.6199359517099532 0.4323640293943765 0.05416031840521063 0.04795073286631979
7 0.6366932704221685 0.4994539982328587 0.06086340166940807 0.07511888016847112
7 0.5723595791035364 0.6367901298368057 0.12266212131737753 0.07711289911156238
7 0.698000412684235 0.5786320078633072 0.03715780582953199 0.02045026060230659
7 0.7336928105534384 0.6161261924292196 0.03245225203708968 0.027998978921228157
7 0.6748889798999935 0.6701958805352399 0.042973520157837064 0.03218867704782846
7 0.5347977362655897 0.7462103560742213 0.03245225203708979 0.02799897892122838
7 0.5101964699066839 0.9015873615639008 0.16341722598489705 0.07072736811665514
7 0.6313770613278382 0.8107247603436606 0.03356145978224856 0.047286082942596064
7 0.48324266640043 0.43291003164187836 0.059754223698958775 0.05583177710782433
