8 0.37665850310879545 0.3883452849864554 0.12424434099246573 0.17075471028296663
8 0.26312271112824004 0.5629879670832413 0.0810160062819208 0.149659654510433
8 0.39725094045125187 0.5017156330609643 0.08815419751654863 0.09259555750330989
8 0.45123893386560027 0.34083076681152863 0.0299601692702417 0.04103399252978934
8 0.697204963777822 0.423654043048885 0.04582851082108608 0.05690507644224241
8 0.9160258679035699 0.7164701632520178 0.10659748472559594 0.16417484073424993
8 0.6373139601045491 0.7303092887811913 0.06780085917163281 0.1298002966712839
8 0.7265154873702018 0.6238568983914329 0.05376318607228414 0.06484038576262385
8 0.5987030005163327 0.5645405746185828 0.036116252850883046 0.05826037894257485
8 0.6305059601547836 0.5189011022625378 0.030835815735823835 0.04633719842694711
8 0.6177949642741766 0.4532633820023857 0.04405096523412566 0.06619657072870139
8 0.7568189544931747 0.3535695041837236 0.05376318607228403 0.06484038576262374
8 0.8016663506694779 0.46634152794133016 0.04495270674659069 0.051600916013146425
8 0.754975023058904 0.4218184205826546 0.036116262402938526 0.05826043679299525
8 0.7298858346030825 0.7577240502345985 0.07663731067932644 0.12314081927925036
8 0.8203488533506551 0.7042884736418789 0.05110895271217297 0.06882828588308032
