8 0.40685313878414053 0.6650096220896035 0.11253884365263678 0.14911863986031704
8 0.26214322232519494 0.5540132066884443 0.06875067709348426 0.13830826448601452
8 0.4022689288075819 0.5476939464647904 0.08330176337466777 0.07518944086076385
8 0.48762619936249274 0.6742363026800752 0.027154641675485536 0.035806498337427106
8 0.703102106317087 0.47768778099395587 0.04224584116448449 0.04848704000854698
8 0.8482190668817366 0.09517690250542665 0.09441781580408914 0.14688340522349413
8 0.5811662647912343 0.21584489614035549 0.056985771201706004 0.12062809639998323
8 0.688322246270237 0.27390375292690594 0.04979200980889964 0.05482692373458295
8 0.5798136210888807 0.3914628897683214 0.03167091606557493 0.052591562960277116
8 0.6196516139004701 0.4194460022432409 0.027452111116770928 0.04125219957093723
8 0.6215583871713124 0.48774649060054853 0.039217017819791145 0.05893238250817889
8 0.7744902258343659 0.5154860321374792 0.04979200980889953 0.05482692373458298
8 0.7930175219723399 0.38709491990339284 0.04194831818123068 0.04304035859515065
8 0.7582359735455914 0.45169752607761576 0.03167091931054267 0.05259162236511872
8 0.6630613717928486 0.145431658153733 0.0672631725061198 0.11107687718364631
8 0.760143561442973 0.15264554756607085 0.04646464773577219 0.059826433100307747
