8 0.41791388703185256 0.677778076201069 0.11994215843273881 0.16261840427253438
8 0.26673659401523037 0.58834165699327 0.07635420556979336 0.14557890732841983
8 0.40579807958185793 0.5616792572047791 0.08648543779607987 0.08590982895855881
8 0.4989020569926528 0.6752179292337062 0.028929607855727513 0.03906748351530398
8 0.7007127748021772 0.4482635712919395 0.044536164978071335 0.05370962566925924
8 0.8205218561699111 0.0626641127811475 0.10205005965436409 0.125328225562295
8 0.5624908097182677 0.20537723859928203 0.06367888835640934 0.12653071372703126
8 0.6728820795145452 0.2475843864941769 0.05233997541144475 0.061030401477389695
8 0.572451277285392 0.3803680180597734 0.03444780386991597 0.056170914368863956
8 0.6139040078352396 0.40242783398755777 0.029576290887809997 0.044444388521468536
8 0.6201992076975109 0.4701306807305442 0.04225160986479182 0.06349259678645036
8 0.7741995468144411 0.4755054279382944 0.05233997541144475 0.06103040147738964
8 0.7843737559747161 0.3450229635769204 0.04388936554854561 0.0483317528659441
8 0.7539146697869485 0.41437936710667755 0.03444781092430638 0.05617097302323654
8 0.6394683269938867 0.123387653055368 0.07312044827144115 0.11869153756051815
8 0.7365595262569378 0.1164529838556595 0.04940768148737262 0.06543618084384113
