8 0.6140410640839787 0.6321073408990271 0.11624821826221732 0.1558167705611686
8 0.740115729387776 0.4781092378351488 0.0725054117459798 0.14198377107273535
8 0.6022062287817225 0.5159430939249346 0.08493788069996733 0.08045781124816392
8 0.5363355575723305 0.666501058378194 0.028044178151407695 0.03742423830669761
8 0.29828064725445613 0.5419750673248669 0.04340210973966713 0.051067514039721984
8 0.10316452909301121 0.2134945789296847 0.09821654545535419 0.1523109271886308
8 0.3811025985837607 0.24761581614956835 0.060286785409448096 0.12362182000538813
8 0.2843891143727837 0.3380499693082261 0.05108162720934756 0.05788880872026092
8 0.40685259431004117 0.418929800930507 0.0330498851115526 0.054382835630738036
8 0.37178681860369744 0.45880793504070916 0.02851073818056471 0.04284308727041086
8 0.37942228155332836 0.5261986842884991 0.04072936578947267 0.06120505311573843
8 0.23372685758169276 0.6013614439119055 0.05108162720934753 0.05788880872026092
8 0.1977504998436963 0.48162573253260266 0.04293546573367468 0.045647689729302554
8 0.24074954401613113 0.5338764657626642 0.03304989020105778 0.05438289474265956
8 0.29122244690983967 0.20448118455058792 0.07017236475919386 0.11488665932597236
8 0.1972880613050248 0.2420292793081628 0.04794125921540762 0.06260729195600995
