8 0.6018179953098297 0.6530050039291382 0.10545498132705688 0.1366119384765625
8 0.7400000095367432 0.524590015411377 0.06181800365447998 0.13114798069000244
8 0.5999999940395355 0.535519003868103 0.07999998331069946 0.065574049949646
8 0.5218180418014526 0.6721310019493103 0.025454998016357422 0.03278696537017822
8 0.2963640093803406 0.5027319639921188 0.039999961853027344 0.043715983629226685
8 0.1309090256690979 0.1393440067768097 0.0872730016708374 0.13661199808120728
8 0.40363597869873047 0.22677601128816605 0.05090904235839844 0.11475400626659393
8 0.30000001192092896 0.2978140115737915 0.04727303981781006 0.049180030822753906
8 0.4145449995994568 0.40163901448249817 0.0290910005569458 0.04917997121810913
8 0.37636399269104004 0.4344260096549988 0.025454998016357422 0.03825098276138306
8 0.37818199396133423 0.5027319639921188 0.036363959312438965 0.05464497208595276
8 0.22727298736572266 0.5491799712181091 0.04727303981781006 0.049180030822753906
8 0.20181798934936523 0.4234969913959503 0.039999961853027344 0.03825098276138306
8 0.24000000953674316 0.4836069941520691 0.0290910005569458 0.049180030822753906
8 0.31818199157714844 0.16666699945926666 0.06181800365447998 0.10382500290870667
8 0.2218179702758789 0.1857919991016388 0.04363596439361572 0.054645001888275146
