8 0.4123275224920646 0.6716493926325062 0.1164084805110237 0.1561089300151396
8 0.2641826654697651 0.5714067412481454 0.0726699455951127 0.14214119840543316
8 0.4039357400709455 0.5548102015070565 0.08500684544217452 0.08068976225439206
8 0.493304069563246 0.6749365521088233 0.028082601721193312 0.0374948116705901
8 0.7021345019293814 0.46280730353324145 0.04345169912860303 0.05118052801173811
8 0.8346457344100344 0.07318747699287233 0.09838173458776367 0.14637495398574465
8 0.5718336631232559 0.21022666735131731 0.060431614021779434 0.12374963734957017
8 0.680748807018128 0.2603512915300339 0.05113679870781651 0.05802304498206756
8 0.5761906441288188 0.38573434031077736 0.03310998334499393 0.0544603167259845
8 0.6168906090902728 0.4107600613729131 0.028556714616698176 0.04291218004043973
8 0.6210150379856205 0.47883908117069596 0.04079504748300555 0.061303755870245336
8 0.774665954178574 0.49532076080512105 0.05113679870781662 0.05802304498206767
8 0.7889981156675312 0.3657230339448175 0.04297750089681096 0.04576218456167658
8 0.7563578203984089 0.43280140169896664 0.033109988516890065 0.05446037582175489
8 0.651342427126304 0.1338866038615652 0.0702991302806224 0.1150514904113196
8 0.7485432176656776 0.1339663315301746 0.048004970442846684 0.06272869424516797
