8 0.3981820046901703 0.6530050039291382 0.10545498132705688 0.1366119384765625
8 0.25999999046325684 0.524590015411377 0.06181800365447998 0.13114798069000244
8 0.4000000059604645 0.535519003868103 0.07999998331069946 0.065574049949646
8 0.47818198800086975 0.6721310019493103 0.025454998016357422 0.03278696537017822
8 0.7036359906196594 0.5027319639921188 0.039999961853027344 0.043715983629226685
8 0.8690909743309021 0.1393440067768097 0.0872730016708374 0.13661199808120728
8 0.5963640213012695 0.22677601128816605 0.05090904235839844 0.11475400626659393
8 0.699999988079071 0.2978140115737915 0.04727303981781006 0.049180030822753906
8 0.5854550004005432 0.40163901448249817 0.0290910005569458 0.04917997121810913
8 0.62363600730896 0.4344260096549988 0.025454998016357422 0.03825098276138306
8 0.6218180060386658 0.5027319639921188 0.036363959312438965 0.05464497208595276
8 0.7727270126342773 0.5491799712181091 0.04727303981781006 0.049180030822753906
8 0.7981820106506348 0.4234969913959503 0.039999961853027344 0.03825098276138306
8 0.7599999904632568 0.4836069941520691 0.0290910005569458 0.049180030822753906
8 0.6818180084228516 0.16666699945926666 0.06181800365447998 0.10382500290870667
8 0.7781820297241211 0.1857919991016388 0.04363596439361572 0.054645001888275146
