7 0.398182 0.653005 0.105455 0.136612
7 0.260000 0.524590 0.061818 0.131148
7 0.400000 0.535519 0.080000 0.065574
7 0.478182 0.672131 0.025455 0.032787
7 0.703636 0.502732 0.040000 0.043716
7 0.869091 0.139344 0.087273 0.136612
7 0.596364 0.226776 0.050909 0.114754
7 0.700000 0.297814 0.047273 0.049180
7 0.585455 0.401639 0.029091 0.049180
7 0.623636 0.434426 0.025455 0.038251
7 0.621818 0.502732 0.036364 0.054645
7 0.772727 0.549180 0.047273 0.049180
7 0.798182 0.423497 0.040000 0.038251
7 0.760000 0.483607 0.029091 0.049180
7 0.681818 0.166667 0.061818 0.103825
7 0.778182 0.185792 0.043636 0.054645
