8 0.4115592832674193 0.6707570952998332 0.11589077792507113 0.15516603305247967
8 0.26386760743306226 0.5690155548043321 0.07213917837156425 0.1416322180171673
8 0.4036919774316522 0.5538355256726144 0.08478351825751573 0.07994185603029946
8 0.4925192390450071 0.6748647243052932 0.027958477565201867 0.03726705101663319
8 0.7022967990296548 0.4648564002670295 0.043291391748259134 0.05081593813798002
8 0.8365671837740357 0.07469782769885952 0.09784845506840556 0.14939565539771904
8 0.5731323132223871 0.2109611537966935 0.05996446902278252 0.12333625864717868
8 0.6818200595688615 0.26218828752548456 0.050958402281968684 0.05759003411176944
8 0.5767016496626249 0.38650898633616293 0.0329160104652656 0.05421005445388588
8 0.6172883928235431 0.4119465556595955 0.02840827063549911 0.04268910046010982
8 0.621107240870884 0.48006582096458866 0.04058298121093118 0.06098507461680713
8 0.7746807064966386 0.4981040875294316 0.05095840228196857 0.05759003411176944
8 0.7895940785845714 0.3686545364586582 0.04284151771903655 0.04539291277173807
8 0.7566535284863499 0.43540063147396973 0.03291601537186728 0.054210113600720033
8 0.6529818259700354 0.13542849696319578 0.06988997504990291 0.11451910217832234
8 0.7501800488803749 0.13649316912686982 0.04779913403132663 0.06233692170517316
