27 0.638062 0.494916 0.067791 0.057292
26 0.556713 0.436136 0.057870 0.047867
27 0.640212 0.369048 0.064815 0.049603
8 0.642526 0.435020 0.069444 0.053571
11 0.487103 0.493304 0.067460 0.050099
11 0.491898 0.369916 0.069775 0.050347
34 0.558036 0.495288 0.061839 0.047123
34 0.482970 0.436756 0.074405 0.052083
6 0.415675 0.368924 0.066799 0.045387
6 0.410218 0.436880 0.066468 0.044891
1 0.341601 0.368552 0.068122 0.050595
6 0.411872 0.493180 0.070437 0.049355
34 0.562996 0.367932 0.070437 0.045883
0 0.336144 0.432912 0.054563 0.046875
